split,episode_idx,n_steps,total_cost,mean_step_cost,std_step_cost,total_trade_cost,total_liquidation_cost,mean_loss
eval_agent,0,21,92.18965540751162,4.389983590833888,10.636634247936422,46.03335835151071,42.25219689920265,
eval_agent,1,21,28.239002887112278,1.3447144231958228,6.779681809039532,40.7126151669481,7.21307583537287,
eval_agent,2,21,32.62468988625532,1.5535566612502532,6.665448465523325,34.58647887269096,5.878676428971255,
eval_agent,3,21,72.48005978515137,3.4514314183405417,7.066609717993092,54.78037474185112,35.54452844539237,
eval_agent,4,21,2.0668558407379303,0.0984217067018062,5.898302010722608,37.38837505610986,6.884658036616648,
eval_agent,5,21,25.653753335399866,1.2216073016857079,5.431202902387762,37.58727871487165,7.43143613103674,
eval_agent,6,21,81.08044955917657,3.8609737885322177,7.368515130454454,64.01357654244201,6.96960054453337,
eval_agent,7,21,112.24681302365335,5.345086334459683,6.532008855059257,49.546510449171784,2.2951036923112738,
eval_agent,8,21,116.87731520909618,5.565586438528389,10.67203531441567,66.22323164047748,6.906313907482381,
eval_agent,9,21,75.00931856876078,3.5718723127981327,6.718104901720619,53.70972332389738,6.973304185914828,
eval_agent,10,21,-20.736774973447254,-0.9874654749260596,3.394658917898129,34.2672496556374,9.222708194092917,
eval_agent,11,21,-1.2089272967080886,-0.05756796650990898,4.812466414164504,31.51682333149411,6.231673321516801,
eval_agent,12,21,32.45523881007657,1.545487562384599,7.738696802263004,45.18650499223386,34.10183888077838,
eval_agent,13,21,102.14347846529166,4.863975165013889,7.119416333513065,48.12618221896449,2.519464414095149,
eval_agent,14,21,65.48417671842931,3.1182941294490147,7.970398270272418,66.57786638874764,11.688354673998493,
eval_agent,15,21,27.817437166644073,1.3246398650782891,3.136906591758241,28.599037590214145,2.7779092325771857,
eval_agent,16,21,116.61028247588595,5.552870594089808,10.267141280856343,48.052452831708536,45.587828382422714,
eval_agent,17,21,95.7492157665068,4.559486465071752,10.484528752465325,60.35060689063745,32.8048963101375,
eval_agent,18,21,31.88236512344848,1.5182078630213562,6.937260800531167,45.89702991833161,25.270890920173564,
eval_agent,19,21,110.62595668815591,5.267902699435996,11.72310020978783,61.01434769608725,25.37235330115193,
eval_agent,20,21,45.22131004998735,2.1533957166660644,4.3586266090550785,38.03708338113033,3.772617720236595,
eval_agent,21,21,58.31392070231481,2.776853366776896,7.594097012884551,39.491915739620225,4.853704684899599,
eval_agent,22,21,71.89864890711794,3.423745186053235,13.980016426071973,37.880438658259486,11.206610250982816,
eval_agent,23,21,87.01518983855529,4.143580468502632,10.91136314934888,45.35152705363757,42.08402905363144,
eval_agent,24,21,86.18894851648471,4.104235643642129,6.993601457058024,50.528180521290906,4.788105315560544,
eval_agent,25,21,122.22889747246106,5.820423689164812,12.359500261528087,54.91470269921648,46.01500226221005,
eval_agent,26,21,51.27799068725197,2.441809080345332,7.648605378669048,65.47374612097316,13.336063147530906,
eval_agent,27,21,111.71000756745703,5.319524169878906,11.96774261344985,51.18902763978251,42.896292971091704,
eval_agent,28,21,85.13245888430157,4.05392661353817,13.854241834201325,56.63692495871426,23.30963813851489,
eval_agent,29,21,54.930572746341774,2.6157415593496083,6.955650086238275,44.220196424400136,6.43968238597753,
eval_agent,30,21,57.320947553262634,2.7295689311077447,6.691029701313432,57.8095371184838,8.194018305133458,
eval_agent,31,21,141.34465330205379,6.7306977762882765,13.55147609700136,56.60750504081051,45.8770141274232,
eval_agent,32,21,52.259141967681146,2.4885305698895785,4.713874052372223,32.40928304620168,2.9901836358714897,
eval_agent,33,21,67.85718779805613,3.2312946570502925,10.093261371160837,53.54395148936704,31.820394653433286,
eval_agent,34,21,136.2945244524359,6.490215450115995,12.204852833074598,69.48402891176163,34.656965494939314,
eval_agent,35,21,106.33708599540698,5.063670761686047,10.934314494277096,49.72473477162289,45.44714411257216,
eval_agent,36,21,36.115486618293325,1.719785077061587,5.830543676918228,40.87035332505878,7.28176563508025,
eval_agent,37,21,94.53832657344974,4.501825074926178,6.892441314160408,59.278806860608434,5.4756185960130495,
eval_agent,38,21,78.40499151448121,3.733571024499105,11.220122757369838,50.299308872637184,37.81540046153519,
eval_agent,39,21,73.63243856791038,3.5063065984719235,9.38119758996701,58.755105789304956,10.795997996620956,
eval_agent,40,21,39.15915409363917,1.8647216235066268,5.331953720281801,47.8930295172572,7.8007013303836725,
eval_agent,41,21,66.69987371760809,3.176184462743242,10.447046509065398,58.599747915826335,27.59613090276723,
eval_agent,42,21,11.810846379454267,0.5624212561644889,6.6604559773700585,43.38715305733662,27.607247086340376,
eval_agent,43,21,16.695835655145277,0.7950397931021561,8.557441850591545,52.0311417764683,26.63614098012139,
eval_agent,44,21,36.49395813494775,1.737807530235607,6.713478015905148,49.664065597594025,7.94110173217771,
eval_agent,45,21,85.92152995623036,4.091501426487159,8.804497762524862,60.07780194614041,6.394913357062678,
eval_agent,46,21,97.45691780357681,4.640805609694135,10.50986301113975,45.18421490525735,45.93732425069978,
eval_agent,47,21,117.2158471938983,5.581707009233252,12.931161636859093,48.06586454355215,48.76471497799906,
eval_agent,48,21,23.716004839467487,1.1293335637841662,6.1101384061704795,50.09282847325176,28.234610461184282,
eval_agent,49,21,47.35920903305943,2.2552004301456874,5.541589217268584,37.19632557602619,3.518714820542872,
eval_agent,50,21,81.9791484140518,3.903768972097705,10.44262778543685,60.669914872054335,29.52700030698938,
eval_agent,51,21,111.11187902093896,5.291041858139951,10.836721580242983,54.39248894995459,41.97138034805111,
eval_agent,52,21,76.21425162094657,3.6292500771879315,6.882168692831445,46.79587107036004,3.907619239327328,
eval_agent,53,21,150.39360953479448,7.161600454037831,11.87847810862424,61.22335743763342,43.360295980642285,
eval_agent,54,21,149.65537667606623,7.126446508384106,10.35580990489597,75.655501669226,5.624432414863018,
eval_agent,55,21,108.43161948955145,5.1634104518834025,7.42132513875722,57.39941402431484,5.202530511916366,
eval_agent,56,21,73.51813197146842,3.500863427212782,14.443965970556771,48.6417690431836,33.15004371968834,
eval_agent,57,21,40.197814568035646,1.9141816460969356,6.288431188559058,46.00241192416941,5.339101896174555,
eval_agent,58,21,19.94860126672611,0.9499333936536244,6.394512856879563,33.38629883873454,5.3069995806132475,
eval_agent,59,21,61.051722364689766,2.9072248745090365,10.99537056755124,58.78094478266054,19.751684177473148,
eval_agent,60,21,0.8855128717773137,0.04216727960844351,5.168594622408123,41.631087594330104,13.53745401653567,
eval_agent,61,21,118.6451265944624,5.649767933069638,10.236383930604733,59.55971101493977,38.43958720398014,
eval_agent,62,21,43.03670185881651,2.0493667551817385,6.037256720924651,41.797449043222436,5.632020465449319,
eval_agent,63,21,120.6908360114368,5.747182667211276,11.78085921857281,55.475383630860186,40.24226240327463,
eval_agent,64,21,39.60008354794653,1.88571826418793,3.3965250357119112,36.09426976660837,3.629407192299147,
eval_agent,65,21,65.19371723199943,3.104462725333306,7.221866395909541,45.45546559983786,6.017132932413719,
eval_agent,66,21,63.83522679498443,3.039772704523068,8.737152866041278,57.3398214459311,20.148270824434594,
eval_agent,67,21,154.93014662313772,7.377626029673225,14.21707105643287,68.54251490076916,37.35960105039582,
eval_agent,68,21,122.29152014149591,5.823405721023615,10.958814381307436,55.922665231944684,41.260254886895005,
eval_agent,69,21,52.956176815839555,2.5217227055161695,9.407792901030374,62.69613504677745,27.858056177154864,
eval_agent,70,21,34.72816749658296,1.653722261742046,8.42717284149419,54.84382989679742,26.39312533690885,
eval_agent,71,21,24.36466377361792,1.160222084457996,6.026587109052943,37.25109537175062,7.137883789820627,
eval_agent,72,21,63.961860896293814,3.045802899823515,8.868534036797028,59.24520444289709,18.289289989509612,
eval_agent,73,21,24.29361507051169,1.1568388128815092,6.123517546139593,42.75410560108383,11.400774049054462,
eval_agent,74,21,125.52601439237314,5.977429256779674,11.131475099583122,61.80787034509528,38.53423313550968,
eval_agent,75,21,103.97840272107788,4.951352510527519,12.929904620820531,53.962871939996084,15.412903714645307,
eval_agent,76,21,54.147393021207634,2.578447286724173,7.541140498041649,53.0361084977453,6.614613006112996,
eval_agent,77,21,102.72616600051573,4.891722190500749,11.61040031351386,40.67152087558567,19.970322019907847,
eval_agent,78,21,27.884761622539177,1.3278457915494846,4.779685654019714,30.67274637241134,4.887891426027303,
eval_agent,79,21,49.634923962728564,2.3635678077489795,9.754763167104548,56.38588895862806,28.28857251476506,
eval_agent,80,21,53.34310975380207,2.540148083514384,4.450433381851339,49.68190107037782,35.715667027943276,
eval_agent,81,21,55.05577291911317,2.6217034723387225,15.765879269183182,44.80100586270021,19.18618988847941,
eval_agent,82,21,47.301772386111686,2.252465351719604,7.327628440787666,46.401392538366274,36.5583997103005,
eval_agent,83,21,120.26652416369679,5.726977341128419,11.934936435684097,55.97699391483305,37.618632847158494,
eval_agent,84,21,42.62006212218447,2.02952676772307,4.018289157120592,28.059394094149706,2.6887170923138277,
eval_agent,85,21,186.2482461235727,8.86896410112251,13.360790512647732,69.41049400213106,28.803290909443433,
eval_agent,86,21,63.55688934164589,3.0265185400783756,6.589565970130718,57.73576051839413,6.947896514176558,
eval_agent,87,21,89.8728429794494,4.279659189497591,10.283970887045797,53.126362016411896,5.568110735755986,
eval_agent,88,21,154.8158800399125,7.372184763805358,14.317180657167842,63.04280614682274,46.21684274260822,
eval_agent,89,21,50.53643138550921,2.4064967326432956,5.5987702222443465,42.37393277944956,5.0244543491115,
eval_agent,90,21,9.696263938533136,0.4617268542158636,3.6568616794613242,32.92977718675837,6.115630666572342,
eval_agent,91,21,102.99280957500753,4.904419503571787,16.02338088288321,49.012750719608576,29.529418682558042,
eval_agent,92,21,53.0847748758745,2.5278464226606903,8.937838822060902,43.838489619522434,14.819484308620085,
eval_agent,93,21,113.14097695226705,5.3876655691555735,17.300830730463712,57.89188917720639,18.519736200063992,
eval_agent,94,21,123.15355575622723,5.8644550360108205,10.410899758117862,47.841038397041984,45.438617029411965,
eval_agent,95,21,61.598135961453025,2.933244569593001,5.0511718706513316,35.48541914288518,2.0228300360435174,
eval_agent,96,21,39.315987836729356,1.8721898969871122,5.760220630254767,38.44457915942267,5.0708219480876,
eval_agent,97,21,63.70697021327725,3.033665248251298,6.929362363246645,39.520964808449634,3.7754035587904187,
eval_agent,98,21,50.91153688096527,2.4243588990935843,4.979048427305897,42.48741684421075,4.490688179053632,
eval_agent,99,21,-6.869013997011227,-0.32709590461958227,3.407617241823826,38.111454667938624,9.108626830956862,
eval_agent,100,21,38.02445130455231,1.8106881573596338,11.620749615461216,49.65076921858998,22.762500764167513,
eval_agent,101,21,149.05977911104262,7.098084719573458,12.327673067202287,49.22276078731328,49.46916431743856,
eval_agent,102,21,49.71651674754629,2.367453178454585,8.70668311496356,56.41795065350103,29.552357169403287,
eval_agent,103,21,97.11824950606007,4.624678547907623,10.82937097605043,44.66614702685551,43.84295400631089,
eval_agent,104,21,59.53225941725795,2.8348694960599023,9.811046810800867,53.821337470306695,31.789059229929915,
eval_agent,105,21,107.29233984099012,5.109159040047149,8.75334829059856,69.97901872975768,18.735324920120757,
eval_agent,106,21,20.069507738073188,0.9556908446701518,4.720182894256776,48.83139640407231,18.17725801292525,
eval_agent,107,21,40.599701241376195,1.9333191067321998,4.446058328880281,36.101889525835354,4.266687014484993,
eval_agent,108,21,57.80328486313122,2.75253737443482,16.157030235958533,45.85366328642811,16.74781946280409,
eval_agent,109,21,104.54105070809132,4.9781452718138715,10.697953813032747,46.61652295372656,48.65204633030328,
eval_agent,110,21,50.83143641910311,2.4205445913858625,9.290766587437625,55.04862249419936,18.822618842928556,
eval_agent,111,21,112.54749945821227,5.359404736105347,6.8058643021275715,73.10524706514353,8.567070939548639,
eval_agent,112,21,146.95251875878674,6.997738988513654,11.762867943542178,62.22886668977615,40.290531923466745,
eval_agent,113,21,-4.99432102117334,-0.2378248105320638,5.007949800001023,43.94254996326644,22.701361608687243,
eval_agent,114,21,-20.10494194057723,-0.9573781876465347,4.219957177445289,34.239835568834856,9.70960521068615,
eval_agent,115,21,53.75583555010274,2.559801692862035,8.660556270730625,44.784417059939365,26.340102774953603,
eval_agent,116,21,111.62997100219395,5.315712904866379,9.934416655673369,50.60198786437392,43.71484396354704,
eval_agent,117,21,11.77932162557464,0.5609200774083162,5.293306672230217,36.37397263544025,10.786843402829863,
eval_agent,118,21,112.94148307688423,5.37816586080401,10.426001477367752,53.10195244298942,42.350013632543295,
eval_agent,119,21,87.44514008511342,4.164054289767305,11.547799252131504,66.08783226584144,26.496186985488453,
eval_agent,120,21,124.09062032740854,5.909077158448025,10.680201487961083,56.5467470629407,45.83327204725415,
eval_agent,121,21,73.14099362839953,3.482904458495216,7.273154571629572,58.43744651520461,7.741427287679077,
eval_agent,122,21,53.44883324109328,2.5451825352901563,5.122988119165717,48.617939420570245,5.490073857244772,
eval_agent,123,21,49.10208378140399,2.338194465781142,8.664109267885816,44.39094122291151,8.360345431763323,
eval_agent,124,21,135.4858732499171,6.451708249996051,12.979617175344062,61.26555345587841,34.17716931999786,
eval_agent,125,21,16.20528650331154,0.771680309681502,3.8114563550922704,49.763454728667405,10.890125364678545,
eval_agent,126,21,72.70340890226304,3.4620670905839543,11.239316476595809,49.88882423362514,35.88617799874888,
eval_agent,127,21,70.0669181011493,3.3365199095785383,4.469707569926235,43.95166560844411,3.516238528700238,
eval_agent,128,21,109.85325878580696,5.231107561228903,16.8004277881434,49.898568349716896,35.94902331935247,
eval_agent,129,21,22.402440211470047,1.0667828672128594,6.489289855849455,48.874030397734316,7.2537136211381625,
eval_agent,130,21,-9.283114268963077,-0.4420530604268132,5.445413467776591,31.475636158857334,9.697015297696447,
eval_agent,131,21,41.6346445313964,1.9826021205426856,5.98769153113097,43.553871358220626,7.6792208173503065,
eval_agent,132,21,57.69431649682464,2.7473484046106975,9.968516100585353,51.97970697129404,32.38178453513281,
eval_agent,133,21,95.15210498697701,4.531052618427476,9.57349796909494,55.81346296913059,27.923804934516784,
eval_agent,134,21,90.14466930855714,4.2926033004074835,12.109497737908464,51.944216175408734,36.35474592520051,
eval_agent,135,21,144.62054661187094,6.886692695803377,16.06621033504789,59.81901175407513,37.777676973716154,
eval_agent,136,21,67.05130603844871,3.192919335164225,7.167430923636962,63.86361504430806,13.900835134038552,
eval_agent,137,21,104.35337607492808,4.9692083845203845,9.138786812689924,66.0475150427236,6.140335328352442,
eval_agent,138,21,120.55678041503496,5.740799067382618,12.478044463363517,69.78575841683912,17.97657623673038,
eval_agent,139,21,17.861265693587463,0.850536461599403,5.690703645083881,54.08153734046188,20.077438625488004,
eval_agent,140,21,125.07762985153188,5.956077611977709,9.292885332043381,57.002465422163844,23.292267583156463,
eval_agent,141,21,87.89644158386889,4.1855448373270905,10.426228686327333,46.05816155997126,39.55476047528147,
eval_agent,142,21,15.636360622403007,0.7445886010668098,2.818832637559553,51.31964769798893,9.058302077672908,
eval_agent,143,21,48.55364124767499,2.3120781546511897,7.909309793868598,54.992551550948015,31.9121711598314,
eval_agent,144,21,92.24315036843016,4.392530969925246,11.601015815421365,60.58997825647001,20.059732729269943,
eval_agent,145,21,31.190505172674584,1.4852621510797421,7.180658022363574,53.32400008498197,15.547359442532278,
eval_agent,146,21,22.902129472765797,1.0905775939412283,4.948590669692407,36.00026476975287,6.02000605170006,
eval_agent,147,21,95.13465812985926,4.530221815707584,11.648870234949356,51.115987998627425,39.01193506258474,
eval_agent,148,21,4.94098700383733,0.23528509542082524,6.273427060160997,37.18276898196886,9.92939831585849,
eval_agent,149,21,128.25452861840594,6.107358505638379,8.414680431263848,70.10136867767757,6.698807815184211,
eval_agent,150,21,93.62433035626641,4.458301445536495,10.419209906585959,49.15468629312293,40.96406361292449,
eval_agent,151,21,101.23088413382308,4.820518292086814,10.233225288764288,51.80973770269665,39.02527223684018,
eval_agent,152,21,27.838236055896857,1.325630288376041,6.511778770520157,50.19329347030586,10.943181506360798,
eval_agent,153,21,132.57716627248297,6.3131983939277605,11.58803156034674,73.42103632397291,7.525448823300934,
eval_agent,154,21,45.51465272327944,2.167364415394259,8.949358882829872,39.63065072669017,28.899556586764312,
eval_agent,155,21,120.84390593552308,5.754471711215385,10.799769995473898,46.09661126739606,49.69451177992953,
eval_agent,156,21,107.95159437793579,5.140552113235038,7.847438034972875,65.34892381193346,6.259069798364307,
eval_agent,157,21,128.4834607825947,6.118260037266414,12.959646396848152,55.776749681929324,40.35163395057483,
eval_agent,158,21,34.002643834799,1.6191735159428098,8.809340569195578,49.00582410951895,24.085029207599195,
eval_agent,159,21,62.7331933355572,2.987294920740819,6.825785640091283,50.69572607733094,36.96878482065717,
eval_agent,160,21,42.783349476387436,2.0373023560184493,9.76280193411124,44.84420279420315,9.398472536074031,
eval_agent,161,21,107.73338004328164,5.130160954441983,10.793596261164609,59.26685236722002,5.925929599070417,
eval_agent,162,21,118.99909318991965,5.666623485234269,12.681377657388337,58.267947870196984,38.62985372492168,
eval_agent,163,21,47.20069564203143,2.2476521734300676,8.85939288881157,51.91415218999849,20.07720486631913,
eval_agent,164,21,101.09742403862532,4.814163049458349,8.85484586748778,68.42159807010037,10.152935419981516,
eval_agent,165,21,-10.348765956197312,-0.49279837886653866,3.1486968904923387,36.3318623132032,9.469635236925681,
eval_agent,166,21,23.844512192008047,1.1354529615241926,3.1370536456830287,28.520999281729562,3.6008135525131446,
eval_agent,167,21,74.52467726377081,3.548794155417658,5.886888786511565,40.190019371504775,2.2822662369282476,
eval_agent,168,21,163.4302369296594,7.782392234745686,15.293869906624714,46.03687679581963,52.95373407637403,
eval_agent,169,21,11.212866605678377,0.5339460288418275,6.656961808256225,47.79792850161746,15.588985696400593,
eval_agent,170,21,73.43975106364955,3.497131003030931,7.077578327798972,62.40899371722389,11.806525591682547,
eval_agent,171,21,48.65088477197223,2.3167087986653443,5.293738007378582,35.95860631724414,3.482196303384637,
eval_agent,172,21,20.051496089006903,0.9548331470955668,5.3290294697522835,41.952254305722825,8.080189931636795,
eval_agent,173,21,91.72442963625292,4.36782998267871,8.210661877082563,53.496468754304864,40.076926212349434,
eval_agent,174,21,46.47668473120079,2.213175463390514,8.196866212887484,46.034249128921914,31.230840589703043,
eval_agent,175,21,118.98976437222454,5.666179255820217,14.430782884859463,52.082604349975256,38.87238998266835,
eval_agent,176,21,62.1822594924924,2.9610599758329714,8.916678170502786,60.51642907286843,25.87285535494135,
eval_agent,177,21,28.91420366277275,1.3768668410844167,4.938848398688942,32.66444164695668,3.7521974169972365,
eval_agent,178,21,70.85412428401385,3.3740059182863735,6.242871484280076,44.851997707905674,4.103604594416649,
eval_agent,179,21,96.17469739821605,4.579747495153145,9.097045489331753,50.45386625681308,41.89318867371174,
eval_agent,180,21,35.046157092066004,1.6688646234317144,9.329281017149206,44.83458565111888,16.331645804674388,
eval_agent,181,21,75.12011593568137,3.577148377889589,6.077996756047908,47.431714503062295,3.897370720444144,
eval_agent,182,21,125.08080308974955,5.956228718559503,10.739974596075934,57.73734965042391,43.4270914181974,
eval_agent,183,21,62.99201530975052,2.9996197766547867,7.743269424567066,47.99620627322323,7.607429045890663,
eval_agent,184,21,84.79133631116774,4.037682681484179,8.77911850064375,59.83043315149578,10.527426893201275,
eval_agent,185,21,35.66531941660345,1.6983485436477832,5.769023256005187,56.82561903913257,19.136927046606626,
eval_agent,186,21,73.04304285833271,3.4782401361110815,10.068134061423407,50.759390317550114,33.76714602378639,
eval_agent,187,21,37.98107497627133,1.8086226179176823,6.72154183480016,48.39937942740494,16.943843111403872,
eval_agent,188,21,164.3774015994162,7.827495314257915,14.126401213057854,45.98725653445261,48.76351636786515,
eval_agent,189,21,141.87079380680674,6.755752086038417,12.614109254893656,55.663216389717014,46.41842703889968,
eval_agent,190,21,-5.211876436861885,-0.24818459223151831,4.213031805157035,33.49462026700306,6.398121465333675,
eval_agent,191,21,35.33756468196977,1.682741175331894,5.750274936371612,44.16025199982644,7.32443090541818,
eval_agent,192,21,24.226065491209468,1.15362216624807,10.873507877306851,56.94980274525056,10.112795905233316,
eval_agent,193,21,81.58728338651265,3.8851087326910787,9.700393828488979,54.40064995496798,6.660788170839201,
eval_agent,194,21,123.56488281419286,5.884042038771089,15.65159412987976,52.26782845856926,37.99446425418038,
eval_agent,195,21,85.31095589652088,4.062426471262899,10.165131933257001,59.94042337213226,28.8076974985711,
eval_agent,196,21,36.16217676531527,1.7220084173959653,7.380904635892101,37.10101701497149,7.883679416516422,
eval_agent,197,21,61.298635506496254,2.9189826431664883,11.2591657264923,47.62209396387199,33.72473033952069,
eval_agent,198,21,32.22492685024142,1.534520326201972,6.432235121529215,51.922467265607246,25.94516982673882,
eval_agent,199,21,101.61133146057948,4.838634831456166,11.263846233457322,46.78805116831326,46.6164028792634,
eval_agent,200,21,91.47112372315314,4.355767796340626,16.164379170741586,45.04540705454417,27.654914613748954,
eval_agent,201,21,22.84967320120424,1.0880796762478209,6.762956005297721,33.0709036817144,6.25840136945518,
eval_agent,202,21,52.72654070534073,2.5107876526352726,5.165534355846783,35.773628062358924,3.314979102302595,
eval_agent,203,21,29.630944075946957,1.4109973369498552,7.620664240938484,58.30074932607378,23.080576692594498,
eval_agent,204,21,227.6025847707865,10.838218322418404,20.022261657136237,70.05899149656469,14.223916422845894,
eval_agent,205,21,95.14215061074856,4.530578600511836,9.674351859670988,49.486380159553185,38.77460230339385,
eval_agent,206,21,95.8901013800509,4.566195303811948,10.307831338307695,47.39972179300971,47.73051206983475,
eval_agent,207,21,93.18261298600385,4.4372672850478025,12.874913303892633,60.81015529011573,23.41174696750328,
eval_agent,208,21,51.366617842595076,2.4460294210759557,9.160522836273381,58.16366772297343,8.728048808040237,
eval_agent,209,21,45.24757286578876,2.154646326942322,5.299475975915232,61.53978804564543,22.67588841661643,
eval_agent,210,21,106.91968265634985,5.0914134598261835,10.067512670407194,58.073112638500426,35.91639160413694,
eval_agent,211,21,59.162323971585536,2.817253522456454,6.492240601594971,51.95984498599358,6.987865121517027,
eval_agent,212,21,54.1117454334947,2.5767497825473664,5.353699975327524,44.67282064115227,5.269545165738491,
eval_agent,213,21,22.559962612363478,1.0742839339220702,3.727872590022861,28.01633812337743,3.6658239617169386,
eval_agent,214,21,54.80529599393527,2.6097759997112036,4.771513169376383,39.152135354053065,3.932437065076409,
eval_agent,215,21,36.4865757111941,1.7374559862473382,7.253510539092424,48.81220033053818,8.717976774833621,
eval_agent,216,21,56.16632606120135,2.6745869552953025,5.555942897491416,51.580982141306535,7.457209548506541,
eval_agent,217,21,68.59631167330679,3.266491032062228,19.03556592190248,35.24012317540649,10.422210405226211,
eval_agent,218,21,98.49436310990545,4.690207767138355,7.902740888487508,69.37286666989012,8.747842167155648,
eval_agent,219,21,117.70527007500161,5.6050128607143614,12.811400779397575,54.3103528295733,41.49721854585137,
eval_agent,220,21,78.19514143567639,3.723578163603638,11.170624659867556,54.849842336784995,31.681739228210393,
eval_agent,221,21,71.41591863871012,3.4007580304147678,9.172310908732198,45.61417317636304,5.754933392667996,
eval_agent,222,21,120.58942481722187,5.742353562724851,11.525685826022299,47.83174781336285,44.089907626947515,
eval_agent,223,21,111.98941718405507,5.332829389716908,10.192508099614033,49.67543076793701,45.870246556147954,
eval_agent,224,21,114.55351441076299,5.45492925765538,12.625149391331853,50.58792075733009,44.70354095021473,
eval_agent,225,21,59.072250003699615,2.812964285890458,9.00502988056029,46.006268868095724,36.73207883620229,
eval_agent,226,21,96.81389075128473,4.610185273870702,7.465383137181127,47.38897341891714,4.329682484287756,
eval_agent,227,21,121.51926328939784,5.786631585209421,10.909322210763117,55.226288221582855,45.25865297951204,
eval_agent,228,21,153.88689812999357,7.327947529999695,12.365264745016821,53.213455663273585,49.32111064410852,
eval_agent,229,21,13.144444334340209,0.6259259206828671,6.125743470687584,32.7945983788337,7.418329129433814,
eval_agent,230,21,66.9423460001593,3.1877307619123476,6.555925857532907,63.8067573607115,11.151762204191096,
eval_agent,231,21,46.690959358761965,2.223379017083903,7.2833260467597265,60.32096323870196,20.23621649884833,
eval_agent,232,21,7.857140810748682,0.3741495624166039,4.000400748796063,42.895493341130766,8.177610277175944,
eval_agent,233,21,3.973008278485524,0.18919087040407256,6.555675322384845,37.30810673170913,10.95723764597026,
eval_agent,234,21,116.89203621493726,5.566287438806536,14.027788685395398,67.89930223238453,17.016330470185704,
eval_agent,235,21,20.32176029167265,0.9677028710320309,6.487298625194811,51.1386144011945,14.195604636901233,
eval_agent,236,21,65.22012738975886,3.1057203518932788,7.792293290869268,40.89414216349355,4.452239912791367,
eval_agent,237,21,63.45298769324238,3.0215708425353514,4.832333901881414,41.06724742023504,3.09994724807354,
eval_agent,238,21,77.55891079312462,3.6932814663392675,12.856128174788536,40.63746900439508,12.376468587415689,
eval_agent,239,21,39.70700722365576,1.8908098677931315,5.518020853271439,31.94971094477153,4.6584480967662385,
eval_agent,240,21,55.68254614769086,2.6515498165567073,6.6706657015085185,49.115435284060105,33.264852461208825,
eval_agent,241,21,101.75684050326088,4.8455638334886135,8.531305196010628,56.50057008087604,39.971097363516606,
eval_agent,242,21,9.000276678164692,0.42858460372212814,5.175288896966362,36.77215258445009,13.522592398454233,
eval_agent,243,21,39.054254653372524,1.8597264120653583,5.05041029515358,40.62653205114422,4.93677454593152,
eval_agent,244,21,133.84253507994225,6.373454051425822,11.025491648159027,47.57702828662301,50.81893954384859,
eval_agent,245,21,135.20057306365067,6.438122526840508,13.959559191216037,49.61881986435974,42.61707696317495,
eval_agent,246,21,29.78005403390879,1.4180978111385136,3.1443592552782547,29.796667102513783,3.191374897992202,
eval_agent,247,21,138.54756696552775,6.597503188834654,12.187459615949718,71.1440252507603,9.861650444326038,
eval_agent,248,21,49.129946138367565,2.3395212446841698,5.2426905576504685,49.6706874134804,6.556983840984934,
eval_agent,249,21,104.38754096419744,4.970835284009402,10.310074858981157,51.14358316525391,41.94797407020334,
eval_agent,250,21,21.244428113570663,1.0116394339795554,6.39473508928493,39.022407899905645,20.220597988910228,
eval_agent,251,21,54.92638309321206,2.6155420520577173,10.864027403591853,51.85896893917799,14.996418125206002,
eval_agent,252,21,224.45685910434446,10.688421862111642,13.453892572811604,79.8544913209086,40.557900481282,
eval_agent,253,21,107.01917832399351,5.096151348761596,7.731770066250078,54.84511066186275,4.506576903300649,
eval_agent,254,21,148.75346706924145,7.083498431868642,10.795125909403714,72.59071862500207,5.882788491045224,
eval_agent,255,21,61.75515574583451,2.940721702182596,9.754320319725561,55.240800008230586,8.416330363653639,
eval_agent,256,21,-2.763793218092062,-0.13160920086152675,4.468799841053065,49.545191126515654,14.213437506022293,
eval_agent,257,21,18.424667475578584,0.8773651178846945,4.215439993700091,32.66641208241801,5.6352431764223265,
eval_agent,258,21,125.40131136887675,5.971491017565559,13.372793053224775,58.57170394930795,39.46570917516177,
eval_agent,259,21,12.273747290697475,0.5844641566998797,5.160885787040536,51.88362779499723,15.625601256514749,
eval_agent,260,21,88.7220739448845,4.224860664042119,12.452381335201625,51.513550243270466,36.59086372363795,
eval_agent,261,21,23.117656084106933,1.100840765909854,7.277757711697344,47.952646290555606,18.41016908369437,
eval_agent,262,21,126.73836004187494,6.035160001994045,10.213536167070547,60.52548749480017,41.10064913777178,
eval_agent,263,21,63.67057046167142,3.031931926746258,8.044784299387612,50.1757807964699,32.55193922454815,
eval_agent,264,21,83.27204114837748,3.9653352927798804,10.433860377465981,46.412649045772135,41.23046300799983,
eval_agent,265,21,83.65399128160931,3.983523394362348,10.828718557813449,47.576878675951875,39.73457423621217,
eval_agent,266,21,41.40696574734292,1.9717602736829962,8.301284728043855,40.60021628614079,5.9809743187868625,
eval_agent,267,21,39.81017318532542,1.8957225326345437,8.338515679775748,40.79071663028929,4.706593093726963,
eval_agent,268,21,114.66834401812486,5.460397334196422,10.088352267676502,50.319099230543905,47.408177366561176,
eval_agent,269,21,75.52455647769516,3.596407451318817,17.074907657969366,50.15311346078929,14.281311279143576,
eval_agent,270,21,90.25799871250786,4.297999938690849,7.903734636131899,59.8079077605395,6.537900370687173,
eval_agent,271,21,21.844004148264993,1.0401906737269044,5.436854033482714,34.39660033711607,5.939176548751531,
eval_agent,272,21,83.17709260338283,3.9608139334944212,9.251896200042083,65.60038876956268,16.869611520068876,
eval_agent,273,21,122.97779335331491,5.8560853977769,8.865751894397599,72.23592153924962,6.607701252202505,
eval_agent,274,21,104.50612580166529,4.97648218103168,11.246995102209976,54.87714919832645,39.45980183925864,
eval_agent,275,21,149.82989843252471,7.134757068215463,12.660244745322053,56.29183996551893,43.35617618662262,
eval_agent,276,21,60.65059233815855,2.8881234446742168,10.24614715953022,51.45348638188281,16.01500757549293,
eval_agent,277,21,160.03326620868273,7.620631724222987,9.879296677680616,62.960336674534254,45.95190687084968,
eval_agent,278,21,113.47906624578222,5.403765059322963,12.313410271018403,52.85110325393694,41.53065147471272,
eval_agent,279,21,18.630015348197656,0.8871435880094122,8.743554546193119,34.733179590294334,8.214651240686404,
eval_agent,280,21,152.59315840194267,7.266340876282984,11.05181418243101,74.49000429588229,31.356270133433117,
eval_agent,281,21,-10.384423733307727,-0.4944963682527489,3.4819774562297554,42.593217246748594,9.512858434385748,
eval_agent,282,21,37.76240090148048,1.7982095667371658,4.776402819311798,49.85309604320446,8.043444998894413,
eval_agent,283,21,10.853502042474245,0.5168334305940118,5.30559858419209,49.7246954383538,11.819266389152387,
eval_agent,284,21,17.834412771823057,0.8492577510391931,3.840735939883487,28.922152778750235,3.7117222233176137,
eval_agent,285,21,23.719774430195567,1.1295130681045509,6.815629215645448,46.3991179888684,14.577265098005519,
eval_agent,286,21,150.0516443454142,7.145316397400676,12.745139862137416,51.380178920054085,48.471014219975345,
eval_agent,287,21,40.1192395158456,1.9104399769450287,5.457849619816508,44.42100691943433,6.997990879574022,
eval_agent,288,21,20.890997536871847,0.994809406517707,5.178998755419109,36.52682975753517,7.1643803927360015,
eval_agent,289,21,100.59475586361042,4.790226469695734,10.115804520610428,50.944191072466076,39.819825658669295,
eval_agent,290,21,126.10927176408441,6.005203417337353,12.891326194736276,67.60475028796465,30.19022882394433,
eval_agent,291,21,52.36739667556693,2.4936855559793774,12.989853745937317,44.628616167021256,29.109140640298264,
eval_agent,292,21,29.744827909496014,1.4164203766426673,11.563017573934212,52.169931249645494,18.653343317655775,
eval_agent,293,21,106.61213925226372,5.076768535822081,10.155849304356922,47.18089325082756,46.52894260803184,
eval_agent,294,21,94.8965873004677,4.518885109546081,6.53159907914299,61.69379458412418,5.358372910212251,
eval_agent,295,21,138.19393469717645,6.5806635570084016,8.54030953875082,66.70969272327214,34.17085768188994,
eval_agent,296,21,100.77042157308159,4.7985915034800755,12.688929872590558,52.60657743794816,19.034692020593344,
eval_agent,297,21,53.20384515954142,2.533516436168639,7.023040002925095,57.909995451652335,8.015514563732753,
eval_agent,298,21,4.436845434609636,0.2112783540290303,4.137869560670415,33.60063659863821,7.933142730461039,
eval_agent,299,21,77.88510483512346,3.70881451595826,6.657209855282368,56.98997091488411,20.5009699058349,
eval_agent,300,21,61.08051048258962,2.908595737266172,7.925559107147612,53.62738842619569,6.573562202234936,
eval_agent,301,21,186.329320644594,8.872824792599713,13.010035549774136,69.37913374514821,43.73424635281054,
eval_agent,302,21,42.60841329604628,2.0289720617164893,6.09482815448243,45.09561142217549,6.595596244363922,
eval_agent,303,21,-14.474010225080866,-0.6892385821467079,5.603959772024787,35.30837900972128,11.489512906728656,
eval_agent,304,21,51.87128751018296,2.4700613100087123,3.9050871646896224,30.900365530607832,1.5802241760495463,
eval_agent,305,21,119.33246236416231,5.682498207817253,12.624140902096416,48.71486727248973,49.64321212896437,
eval_agent,306,21,94.41892720623768,4.496139390773223,11.16297799323827,52.77009886401418,36.47888232476458,
eval_agent,307,21,119.38467758246878,5.684984646784228,11.652085585141258,55.96439007779572,37.585998561704855,
eval_agent,308,21,100.60336388599231,4.790636375523443,13.032402869447575,54.76384334545851,33.5377918848624,
eval_agent,309,21,52.27952758690114,2.4895013136619593,8.26320419725172,60.91267080134923,12.51765449851576,
eval_agent,310,21,8.090916135231163,0.3852817207252935,6.366778353982608,39.7930234951013,9.194774128239366,
eval_agent,311,21,119.63284105081286,5.696801954800613,11.05166132970129,50.28946074446076,50.53532546170965,
eval_agent,312,21,68.5739471428123,3.265426054419634,6.950575530827287,62.875620083855246,12.139965478618631,
eval_agent,313,21,71.71491528970711,3.414995966176529,4.139763732371224,37.8666031826096,2.4158015610648818,
eval_agent,314,21,84.7993508191357,4.0380643247207475,13.746476038079587,51.172966508181425,32.01167132030465,
eval_agent,315,21,4.690879738889762,0.22337522566141724,5.614391639677362,37.100493605180176,10.074994490318058,
eval_agent,316,21,90.11023593283505,4.2909636158492885,7.766223026114533,59.680032194977976,37.48653695908425,
eval_agent,317,21,31.025514179133037,1.4774054371015732,7.487526086857765,38.90947854851563,9.193646487565532,
eval_agent,318,21,15.106196410148804,0.7193426861975621,5.967636381735475,50.388486971095986,14.446498468557182,
eval_agent,319,21,124.2719417135092,5.917711510167105,12.368622889158026,54.134107350363216,41.24756349708357,
eval_agent,320,21,44.66022393438182,2.126677330208658,5.828932593370796,45.95590941396455,6.6083929777491655,
eval_agent,321,21,106.8351532434625,5.087388249688691,9.965128040405473,53.05952024360941,41.287471586291716,
eval_agent,322,21,86.71756837243234,4.129408017734874,6.881639093684707,47.77867540094099,4.159741259350292,
eval_agent,323,21,111.25890531757896,5.298043110360903,10.995581798259652,60.59585958676296,35.18891439755376,
eval_agent,324,21,-15.620229549729045,-0.7438204547490022,6.393260738993941,39.19156123321047,12.71734251269643,
eval_agent,325,21,100.6777102945913,4.794176680694823,10.766993395924853,44.68191834935411,49.8517146155842,
eval_agent,326,21,85.4295390742846,4.068073289251648,9.074475972367702,56.83330883487439,31.282516435413655,
eval_agent,327,21,55.72060485477859,2.653362135941838,5.979118067626113,60.30170695462199,22.18150497589051,
eval_agent,328,21,46.63035850389476,2.2204932620902267,7.817722300165958,56.89694764517663,28.107724661943834,
eval_agent,329,21,74.63138968699053,3.5538756993805016,9.65868278252075,58.33720411029519,24.979107464768596,
eval_agent,330,21,98.53969202879567,4.692366287085508,8.932323709709692,64.673939532195,8.386961012272614,
eval_agent,331,21,71.49754261525096,3.4046448864405225,10.291697234923516,49.309335738438676,25.719923413966196,
eval_agent,332,21,87.2213546467699,4.153397840322376,9.913764902566781,44.96066622793865,44.4349574636089,
eval_agent,333,21,123.66531909167911,5.888824718651386,11.63918016331345,52.12984290003339,50.42113013516522,
eval_agent,334,21,80.87275912883628,3.8510837680398224,10.884885952452247,53.399847937630426,33.00813659148764,
eval_agent,335,21,71.64169074114328,3.411509082911585,9.638919542479613,67.39799653582874,12.296814078054393,
eval_agent,336,21,105.58873542221859,5.028035020105647,8.46685801934159,56.19547918807257,41.122523132354765,
eval_agent,337,21,56.92593837831742,2.7107589703960677,7.226452039107374,53.32576073564669,7.089876226891935,
eval_agent,338,21,117.30873518218927,5.586130246770918,13.26114377423331,63.61380754867713,15.763113404791298,
eval_agent,339,21,75.97631491427177,3.617919757822465,10.716710620126978,51.568002132415,30.74718441149762,
eval_agent,340,21,80.2389832803999,3.820903965733329,11.39797746854669,51.848899320940056,15.736197864068997,
eval_agent,341,21,49.04281338488781,2.3353720659470385,7.661347484174151,43.7147073375026,6.571517437621996,
eval_agent,342,21,29.311352263913907,1.3957786792339957,13.173396997607657,36.78474557895486,9.809107854845886,
eval_agent,343,21,90.02898578816554,4.287094561341217,6.884699080462705,55.763372009703886,4.2503040887286865,
eval_agent,344,21,74.59501505414528,3.552143574006918,8.076766362861886,53.08987057829988,33.05246718171137,
eval_agent,345,21,78.67414473245732,3.7463878444027294,10.546987881608464,58.09403538681871,10.885073380686311,
eval_agent,346,21,78.96218309726618,3.760103957012675,7.928179877755705,57.26258633169834,35.92768542512717,
eval_agent,347,21,59.99072377519686,2.856701132152232,6.127755056877357,61.72992240840691,8.883315148991352,
eval_agent,348,21,30.956201649005582,1.4741048404288373,4.240664050037088,41.45233386940896,6.285319417439069,
eval_agent,349,21,141.9846416851219,6.761173413577232,14.402791618427957,51.97832333772447,42.28864810958544,
eval_agent,350,21,105.96950478566654,5.04616689455555,9.70136488125993,60.07237752821562,5.885717050875042,
eval_agent,351,21,149.37665362838405,7.113173982304001,8.237529866153993,64.8884310537022,4.4348340697550075,
eval_agent,352,21,38.136901077911666,1.8160429084719842,5.178440418140022,39.54394603918974,5.256380259471489,
eval_agent,353,21,70.91434175624853,3.376873416964216,10.329845111008629,54.86444783563157,31.69265203096636,
eval_agent,354,21,-21.00224821103996,-1.0001070576685696,3.8158708047082786,36.809751482112304,10.368012920502322,
eval_agent,355,21,50.295655579539606,2.395031218073315,7.74787903216007,55.760671318781434,9.247525428994456,
eval_agent,356,21,30.732978956132914,1.4634751883872816,6.702520799331276,45.302832876320075,15.129560787981129,
eval_agent,357,21,15.098030184341612,0.7189538183019815,6.908029027195108,47.723013867655595,16.18770173828089,
eval_agent,358,21,88.1953786127628,4.199779933941086,5.936788812204218,42.47571684684946,1.751918417364823,
eval_agent,359,21,45.97164800250553,2.1891260953574063,5.685248722130638,59.96083755215333,9.234437398157482,
eval_agent,360,21,19.238031315151083,0.9160967292929088,4.632125311751773,37.686023696472894,5.63069137798628,
eval_agent,361,21,56.59054924288514,2.6947880591850066,11.014873815612114,49.865742295811835,29.265686460879763,
eval_agent,362,21,89.38260544661799,4.256314545077047,11.545989789482535,61.83729306033714,19.653722409015582,
eval_agent,363,21,32.19728399517548,1.5332039997702611,5.750321946465152,38.02710265341707,6.463592115275676,
eval_agent,364,21,54.89466548473092,2.6140316897490914,9.504556623448682,53.462486177363274,22.573502687917298,
eval_agent,365,21,128.79979282289048,6.133323467756689,12.04093116257803,52.98479430261686,47.83330130756873,
eval_agent,366,21,93.7721313728649,4.465339589184043,9.680778657349217,46.216296110920815,44.899069892525745,
eval_agent,367,21,65.1893520924838,3.1042548615468477,8.74869961854281,54.86565006349327,33.778299894895866,
eval_agent,368,21,96.92375209425805,4.61541676639324,7.646930166231892,70.78273451242855,9.087552856966916,
eval_agent,369,21,74.25901803333221,3.5361437158729627,9.406014901408334,63.84524261204509,12.606992990314128,
eval_agent,370,21,96.76964863037058,4.608078506208122,9.588942019942387,52.27768434636602,40.408098339502516,
eval_agent,371,21,52.52908528436178,2.501385013541037,4.721171459419524,38.616415181338354,3.0284851614307358,
eval_agent,372,21,3.4552705176035845,0.16453669131445642,4.650816771322744,36.73447036763994,9.18139287097558,
eval_agent,373,21,68.15142064193526,3.2453057448540603,7.776731520819737,57.813861295896515,18.170266229654136,
eval_agent,374,21,93.55613848154721,4.45505421340701,11.028665972065737,52.57729180270981,38.413644349414575,
eval_agent,375,21,22.091692519727278,1.0519853580822514,5.887327354262451,37.75926325805412,5.806799758090618,
eval_agent,376,21,9.824408161106124,0.46782896005267255,4.84834196239087,41.45785994429532,9.644533690502723,
eval_agent,377,21,132.83685847229432,6.325564689156873,13.394812405322632,54.442585548847966,44.204770867533476,
eval_agent,378,21,-10.36675211232303,-0.4936548624915729,3.7227575324634063,30.186913129366364,12.628341000912465,
eval_agent,379,21,54.75783872363623,2.607516129696964,6.755856820329735,51.097603732970256,5.898395045168186,
eval_agent,380,21,53.14809677938091,2.530861751399091,5.4834180756600865,35.03462643136786,3.0025679919798782,
eval_agent,381,21,100.62756742912788,4.791788925196565,9.7010353120895,60.24112525066526,26.934058997856308,
eval_agent,382,21,92.52548736422476,4.405975588772607,9.831982206623925,54.826587086511815,31.743929267695666,
eval_agent,383,21,41.93861165263445,1.9970767453635454,7.5393747857819875,52.253393362771014,29.109336558653304,
eval_agent,384,21,112.72423923249585,5.367820915833136,10.16281625918543,47.868379795149586,46.885030415283055,
eval_agent,385,21,82.61380060021652,3.9339905047722157,6.445828107864917,44.19951298395378,3.809809226089551,
eval_agent,386,21,106.02532073271387,5.048824796795898,10.471653744951897,46.64343847411997,49.1198334154724,
eval_agent,387,21,85.6997262093948,4.0809393433045145,10.228644736658666,43.70638848605702,43.6870594525015,
eval_agent,388,21,73.31766791926697,3.4913175199650937,6.633609844805054,46.855375606616974,4.879127713015036,
eval_agent,389,21,119.54413389127173,5.692577804346272,10.504911477814499,55.702129082247126,38.093128746152026,
eval_agent,390,21,104.78041217891813,4.989543437091339,11.062139258621604,50.03833162616288,42.27901683228448,
eval_agent,391,21,42.82576930538923,2.0393223478756775,8.719194682859216,57.055281491901795,16.58122984580351,
eval_agent,392,21,57.33881637739637,2.7304198274950653,4.457923041069168,53.99241687099472,5.87227996889951,
eval_agent,393,21,43.92001216211928,2.0914291505771083,8.6340766305483,54.91520832169907,18.947218786407237,
eval_agent,394,21,123.94995522483673,5.902378820230321,12.247856558338194,52.41738778814594,46.14716140384716,
eval_agent,395,21,66.891807187784,3.185324151799238,6.556954831684421,46.606183502547466,4.429098968440226,
eval_agent,396,21,105.96744188917252,5.046068661389167,9.21424834025672,53.27634768188754,40.302243754826996,
eval_agent,397,21,95.45535612113346,4.545493148625403,12.817852258843375,50.6582745925503,35.772433853127225,
eval_agent,398,21,122.11334788554716,5.814921327883198,10.621441836432627,49.07663795382545,47.41023674386985,
eval_agent,399,21,54.31070387719752,2.586223994152263,7.798988581320875,60.22477201304795,13.870308112561833,
eval_agent,400,21,128.44159344051576,6.116266354310274,9.882729225212735,61.85689959170373,38.58249610609936,
eval_agent,401,21,85.6408164589907,4.078134117094795,12.229323869636339,47.399371020836924,38.08245191482459,
eval_agent,402,21,55.697474624353184,2.6522606963977706,7.748922526526115,55.322511647833466,15.949431292482128,
eval_agent,403,21,17.79690628110026,0.8474717276714409,4.962276655774124,38.75409435109813,5.662034403327902,
eval_agent,404,21,32.59289755512399,1.55204274072019,5.816582212285094,55.18999007515264,26.925402708167393,
eval_agent,405,21,50.66986799542246,2.412850856924879,6.02395480794989,39.146103445355806,4.477188799121384,
eval_agent,406,21,37.162315269747545,1.769634060464169,5.474442005092651,30.839895342119792,4.431905400274724,
eval_agent,407,21,108.74543824099273,5.178354201952034,11.498875196339453,48.58499355738311,46.256615855881336,
eval_agent,408,21,29.714240075146794,1.4149638131022284,10.725429002806155,38.50060723084986,9.979858500194592,
eval_agent,409,21,27.405477316388673,1.3050227293518415,6.301604864203868,41.60551257134299,6.462109921939652,
eval_agent,410,21,127.92547911862704,6.091689481839383,11.307209185003497,45.1901276276173,47.904762492326384,
eval_agent,411,21,110.25245019703763,5.250116676049411,12.021036719050874,48.99665514200472,41.62242660103464,
eval_agent,412,21,105.66083672270439,5.031468415366875,10.871520340711498,50.54167352629362,44.01070639073521,
eval_agent,413,21,155.980688368813,7.427651827086334,16.031110841126758,58.47190778625537,26.400589672313917,
eval_agent,414,21,28.93563207569761,1.3778872416998864,4.547177186558603,37.14524652294521,4.548086326908264,
eval_agent,415,21,94.56316455245549,4.503007835831214,9.535240669339586,64.20873273609593,8.864100905423687,
eval_agent,416,21,56.07418320085225,2.670199200040583,4.311484375948645,38.498526441129876,3.857714461783649,
eval_agent,417,21,41.55208366577151,1.9786706507510246,4.367298595287446,51.938026077873836,6.818615297941933,
eval_agent,418,21,261.98845264658985,12.475640602218563,26.444574741007294,73.31432698950974,41.606423157517845,
eval_agent,419,21,119.22512903892911,5.677387097091862,11.04600463696168,51.13782875385211,49.08776095872756,
eval_agent,420,21,43.652657544018815,2.07869797828661,7.150294344983581,54.47751129410598,25.085753365147674,
eval_agent,421,21,27.536057268953197,1.3112408223311047,8.226523111322066,42.87008977124995,10.794026906600353,
eval_agent,422,21,54.66102132249441,2.602905777261639,9.152205174287374,48.7118133106688,24.87410404208652,
eval_agent,423,21,64.59261042528983,3.075838591680468,14.27916449561726,55.93198248636463,12.700428785254745,
eval_agent,424,21,18.143231945277886,0.8639634259656137,6.085333087503423,42.89950147111578,8.668905840779829,
eval_agent,425,21,41.081067168566896,1.956241293741281,3.7872473873124006,34.789974396312346,4.4294683394280785,
eval_agent,426,21,78.64147455608142,3.744832121718163,9.41943049134969,51.82136593901914,39.173719148915616,
eval_agent,427,21,68.55194774612178,3.264378464101037,7.862112635234714,42.804497918779326,4.1002428616093765,
eval_agent,428,21,68.17147911299071,3.2462609101424147,5.438290063255584,56.47430569178399,7.073695775289841,
eval_agent,429,21,130.92775689657788,6.2346550903132325,10.843201081635446,60.489081506568,28.00538787751127,
eval_agent,430,21,32.02857845910205,1.5251704028143833,4.690923243449645,34.79707341117362,4.766128586761979,
eval_agent,431,21,94.51617983978082,4.500770468560991,8.176450809884717,59.92751562515454,29.117597688343707,
eval_agent,432,21,13.032446422409068,0.6205926867813842,4.153472036420138,36.18873339395069,6.3912632530705045,
eval_agent,433,21,112.68546808846732,5.365974670879396,11.1303863718686,58.223828124862926,37.25842947583798,
eval_agent,434,21,15.281699242930326,0.7276999639490631,6.353773284722125,40.65421833222125,8.237384592451464,
eval_agent,435,21,152.35894884128038,7.25518804006097,13.54799616756848,49.24047196215078,46.97281865336567,
eval_agent,436,21,26.000508440190174,1.2381194495328653,6.0028587421900985,38.796667837943545,6.662539058761643,
eval_agent,437,21,48.2117159566325,2.295795997934881,6.8884368663920785,50.043357540150694,7.667907626946905,
eval_agent,438,21,7.233531509736812,0.34445388141603867,6.337129937068164,51.011228423616984,15.099123016747102,
eval_agent,439,21,9.614419727649702,0.457829510840462,7.471697322994728,38.43663253385442,15.834010540285513,
eval_agent,440,21,72.06020441023368,3.4314383052492228,12.532622026900851,50.05701999753953,15.720129605285669,
eval_agent,441,21,57.114882510192494,2.719756310009166,6.824617733353459,54.52592988656902,29.728041108281754,
eval_agent,442,21,178.7970006584506,8.514142888497648,20.394890001016115,72.19717406556148,13.815807844017879,
eval_agent,443,21,25.757974910649533,1.226570233840454,6.784934310483581,37.198705988370484,6.527176897537627,
eval_agent,444,21,122.99923927014846,5.857106631911832,10.206914208252854,72.4237322621625,16.787437968334135,
eval_agent,445,21,45.35818645814559,2.1599136408640756,7.507647347100702,60.469066624862414,16.190232884396433,
eval_agent,446,21,-10.599265389091297,-0.5047269232900617,3.7540689246899204,38.491712266077094,8.412829195125425,
eval_agent,447,21,108.65535597987602,5.174064570470287,10.575592065988523,46.24753283540585,47.01587937641186,
eval_agent,448,21,115.8920166765814,5.518667460789591,8.818875164274033,55.786456775104455,4.562622408082429,
eval_agent,449,21,171.55436447989626,8.16925545142363,10.570870170294715,74.47552571847584,39.821476263719696,
eval_agent,450,21,93.48431586487318,4.451634088803485,9.121095216167278,52.22832869976787,38.87036759198731,
eval_agent,451,21,133.56491824572038,6.36023420217716,11.024782403930942,52.4550016522826,49.556488011645705,
eval_agent,452,21,63.997846086478596,3.0475164803085044,5.915469111486886,34.45966487577009,2.2839926013795617,
eval_agent,453,21,99.86548887647426,4.755499470308298,12.082605618375409,51.63578421314802,30.888633196349787,
eval_agent,454,21,45.59602088824803,2.1712390899165728,6.868618865037036,49.10104791084628,7.6775103027210765,
eval_agent,455,21,69.05582375996879,3.2883725599985136,8.98654950361651,53.571028259780654,7.8800583514797795,
eval_agent,456,21,40.48486858047068,1.927850884784318,2.8862458704351837,31.949391561771893,3.0644436527717667,
eval_agent,457,21,78.67987290111078,3.7466606143386083,6.503229310217295,63.45641639036199,18.85321450175333,
eval_agent,458,21,54.666296581790846,2.6031569800852785,4.864511645245312,45.6482440054006,4.724841996651488,
eval_agent,459,21,66.52895132277447,3.168045301084499,11.200414721710588,64.83672332394667,13.769041297318655,
eval_agent,460,21,106.32361662944076,5.063029363306703,9.041221754170477,54.52893444124542,38.93889531534326,
eval_agent,461,21,31.39731851896769,1.495110405665128,8.066676205675607,39.5714010936289,13.731045486794615,
eval_agent,462,21,133.8581448070507,6.37419737176432,11.898765678760546,59.73766509075536,42.649359531077,
eval_agent,463,21,44.55154118503815,2.1215019611922927,10.007533171203056,37.02432097601868,15.591126132683153,
eval_agent,464,21,76.51180841629359,3.643419448394933,9.956101632950727,60.52960882688198,23.313675602379327,
eval_agent,465,21,135.6102373700318,6.457630350953895,10.905562457475614,54.66741874864534,44.58362715146116,
eval_agent,466,21,113.76159222995334,5.417218677616826,11.053588840851173,51.079210473285464,38.969073532816005,
eval_agent,467,21,108.18396877639624,5.151617560780774,11.951941495585292,45.349027595985184,47.17707673712982,
eval_agent,468,21,101.25282427813073,4.821563060863368,12.79978440772362,62.30619074126946,14.456177223704458,
eval_agent,469,21,94.0652218573479,4.479296278921328,13.576301224282437,49.0654143565162,35.24913009685211,
eval_agent,470,21,41.61148825276971,1.9814994406080817,10.688773433485594,46.14810360962582,11.904615899454827,
eval_agent,471,21,61.115717848523346,2.9102722785011115,6.914437182229997,59.660467723834884,9.559008783635251,
eval_agent,472,21,16.115397299289146,0.7673998713947212,5.866431143379824,32.54517133475318,5.32084322495689,
eval_agent,473,21,94.95082254472825,4.521467740225155,8.060427169305003,55.40045846382627,40.020283794662745,
eval_agent,474,21,40.710144128523865,1.9385782918344698,7.075913234959496,49.25766803352148,32.780662074872,
eval_agent,475,21,-3.7881559850887148,-0.18038838024231976,2.820330414260962,37.27656640511701,8.65663306109132,
eval_agent,476,21,40.34402711671845,1.9211441484151643,5.3853756923503635,34.40224476452631,4.476978247710809,
eval_agent,477,21,55.73280617359539,2.65394315112359,9.19268776480232,60.723131522379376,19.879301905135794,
eval_agent,478,21,37.138608092460906,1.768505147260043,3.780700447100214,31.381629609960957,3.4695534387780853,
eval_agent,479,21,12.227226008404031,0.5822488575430491,3.9073265547846225,46.7922329279091,8.559329590740024,
eval_agent,480,21,11.38107369841652,0.5419558904007866,7.563107933430684,43.35854763915379,14.075934834590408,
eval_agent,481,21,116.76113629498778,5.560054109285133,14.68416709510052,51.44770560740395,37.6076390780957,
eval_agent,482,21,53.85372533038233,2.564463110970587,6.285230390319964,61.58681023821973,10.729158546153974,
eval_agent,483,21,28.715926186284825,1.3674250564897537,6.561245756188575,41.57233496370528,9.056092834422042,
eval_agent,484,21,34.83885917448592,1.6589932940231389,5.004557912215536,42.31303563971432,4.994930239478373,
eval_agent,485,21,119.16540935541147,5.67454330263864,11.931395013159978,53.80834011785063,40.08980171767963,
eval_agent,486,21,59.110741306569075,2.814797205074718,7.590472235104234,62.173627137394945,12.536642624311032,
eval_agent,487,21,129.61761988885908,6.172267613755194,8.540764422498574,62.06911634993489,3.7640583884724204,
eval_agent,488,21,157.09825978568665,7.4808695136041266,12.375970505170185,66.16989549611972,41.824098389303785,
eval_agent,489,21,155.4380550769606,7.401812146521934,14.241468925900163,48.30181529218839,48.14610864169474,
eval_agent,490,21,46.87672232900913,2.2322248728099585,4.332640089133427,43.07650403682969,5.380974579670311,
eval_agent,491,21,79.42235588058247,3.782016946694403,10.969842490078484,51.09179767504281,18.870259770624205,
eval_agent,492,21,1.0739741070677322,0.05114162414608249,3.1689246803399342,39.98185059726422,6.96871457906745,
eval_agent,493,21,19.15850376198696,0.91230970295176,5.5952586580414,38.954565226846086,17.065193279600052,
eval_agent,494,21,59.80643479063577,2.847925466220751,7.538136875524484,52.53531668930205,31.538821421408738,
eval_agent,495,21,66.15645549531902,3.150307404539001,12.62577234933243,57.48248868050928,22.62598514426286,
eval_agent,496,21,78.93765703897236,3.7589360494748743,6.608345132739321,52.21453432926577,5.498063996576803,
eval_agent,497,21,45.441863803577135,2.163898276360816,4.8960122837846844,27.295976865853962,1.811524915236704,
eval_agent,498,21,-5.512871555896953,-0.26251769313795015,5.288480810038178,42.27679697995618,14.637727651799402,
eval_agent,499,21,136.33430359912904,6.492109695196622,12.423662899219783,55.23783846861723,45.804579672538516,
eval_agent,500,21,39.165605121637654,1.8650288153160788,6.4256311834016975,41.69209992135047,6.152543894858654,
eval_agent,501,21,40.5884653975336,1.9327840665492189,8.260533928259147,46.23401600626393,22.529492042037784,
eval_agent,502,21,49.19378475245751,2.342561178688453,6.764998667965702,55.82213707827281,11.25434615433752,
eval_agent,503,21,172.75135938565387,8.22625520884066,13.582352047544306,68.28138364134267,42.78143877043318,
eval_agent,504,21,41.38787215562911,1.9708510550299578,6.455095360230397,45.6282408765999,6.907978554664003,
eval_agent,505,21,64.12146226384755,3.0534029649451213,7.032403679895729,51.172370357889804,6.127007715867269,
eval_agent,506,21,0.39777708525663025,0.01894176596460144,4.266903934269313,34.157124668298124,6.810912990283447,
eval_agent,507,21,133.752662627502,6.369174410833427,10.916547217073893,60.94387810666407,38.61086496047159,
eval_agent,508,21,40.07159694322221,1.9081712830105815,7.205710924824174,62.774533743933524,12.02426775769994,
eval_agent,509,21,116.98304828838586,5.570621347065994,11.563515864847373,51.22031683078504,46.85458410866869,
eval_agent,510,21,59.60549402231423,2.8383568582054397,6.6066610835636315,51.14759907779738,8.142090567277837,
eval_agent,511,21,64.3240863847872,3.063051732608914,6.213040321378824,41.20102744300239,3.544857070730554,
eval_agent,512,21,48.29653031622561,2.299834776963124,7.40369797361087,56.2330069215207,29.42998139870624,
eval_agent,513,21,42.50933721869771,2.024254153271319,12.1087913470947,45.54194123489296,14.883580999231434,
eval_agent,514,21,106.48533716302276,5.070730341096322,10.631788015856664,52.65565368233802,40.79130969372271,
eval_agent,515,21,126.0229818714488,6.001094374830895,10.506269815780044,62.39472471841932,39.73060549116187,
eval_agent,516,21,127.08733415974184,6.051777817130564,10.963307168513959,56.25205970198735,41.04965679305454,
eval_agent,517,21,-15.372512974076574,-0.7320244273369797,2.875523268937854,38.04402497468187,9.300149062924795,
eval_agent,518,21,142.9462829970967,6.806965857004603,12.439653898271281,53.57042066062563,50.643125635863704,
eval_agent,519,21,52.666116220781305,2.5079102962276814,7.481966986331915,60.70880094694539,13.00025488995379,
eval_agent,520,21,87.08295731290389,4.146807491090662,9.334009924403261,48.41575162291771,39.10293137895185,
eval_agent,521,21,15.60475596232689,0.7430836172536613,4.583136312385208,44.136075614531826,8.378347807476489,
eval_agent,522,21,76.35692961429382,3.636044267347325,10.694141518273092,47.24213031371476,39.54577470924048,
eval_agent,523,21,165.27863389469232,7.870411137842492,14.10057271359125,46.490984976467686,48.20765570526761,
eval_agent,524,21,127.02871756589116,6.048986550756722,11.60390228938925,56.125113811197906,44.267660049524416,
eval_agent,525,21,139.54633981098218,6.645063800522961,14.990112188490757,63.25606644784242,13.131868711885874,
eval_agent,526,21,57.696303839119075,2.7474430399580507,9.230856399516895,53.72185167353168,14.920592085329186,
eval_agent,527,21,92.14430217058104,4.387823912884812,10.274801659959145,50.423483919224104,41.34641101411989,
eval_agent,528,21,35.5906052255896,1.694790725028076,3.9836092033913992,43.53158256878091,6.190009191721289,
eval_agent,529,21,126.79666355890517,6.037936359947865,10.955636200281957,60.747757490094635,37.86449350413381,
eval_agent,530,21,170.3299315917161,8.110949123415052,12.530121591327793,68.02417778721491,36.354397695298516,
eval_agent,531,21,95.71389788132548,4.557804661015499,11.897471991025093,51.41748322233167,37.36294896953506,
eval_agent,532,21,65.10536251629956,3.1002553579190266,6.935846174923997,48.982367889895826,38.02602678895878,
eval_agent,533,21,142.07606196449214,6.765526760213912,10.876556708070089,55.25964256094606,47.0233257087754,
eval_agent,534,21,75.98833169375172,3.6184919854167483,6.925111696480016,47.0596816622103,39.261139978291055,
eval_agent,535,21,-6.953242148698914,-0.3311067689856626,4.7473881874257975,45.78218230019992,19.535635888304984,
eval_agent,536,21,106.60044303828903,5.076211573251858,15.24951309092659,68.00403687199228,15.213678458288028,
eval_agent,537,21,13.833918351217404,0.6587580167246383,5.060260558772556,34.3297635645083,5.995307040211073,
eval_agent,538,21,28.462029977160032,1.3553347608171444,4.125655289010072,34.12290283167712,4.279130767395773,
eval_agent,539,21,12.902177962372564,0.6143894267796459,5.0579111118332305,40.9123152825416,7.435925885273339,
eval_agent,540,21,93.59613981626214,4.456959038869626,8.56604844891851,69.48914893468141,7.968147950780506,
eval_agent,541,21,93.9926943868237,4.475842589848748,10.967933854115252,48.240231211307616,41.9438300407588,
eval_agent,542,21,25.63282986299289,1.2206109458568042,10.375525632116114,34.70168633916201,10.50207079048477,
eval_agent,543,21,38.1853533824526,1.8183501610691712,9.11038194139276,50.72963653970703,22.32236106687903,
eval_agent,544,21,14.583035393772242,0.6944302568462972,5.081729825681149,46.38160917279845,10.78085672344765,
eval_agent,545,21,89.27962791224576,4.251410852964083,10.537794910064415,43.499664599942435,45.2338747407831,
eval_agent,546,21,54.45584361846179,2.593135410402943,6.010889245123857,41.24185913312393,19.167422681948032,
eval_agent,547,21,7.373656510061851,0.35112650047913574,4.392007548474333,36.311849240348494,7.482005456106265,
eval_agent,548,21,32.178563787767864,1.5323125613222792,4.2481089224218795,42.292046090451336,5.6808745086862835,
eval_agent,549,21,125.37175716641488,5.9700836745911845,13.978517497843832,52.96240005511793,37.912001182702156,
eval_agent,550,21,8.749138889835267,0.416625661420727,3.9580423817528407,46.55491021994693,8.57003772971162,
eval_agent,551,21,37.96285673680399,1.807755082704952,3.0264513373094455,33.213413639132646,3.216652608674208,
eval_agent,552,21,107.89006926558326,5.137622345980156,9.61119980576388,53.60562047046006,39.027058680928256,
eval_agent,553,21,80.0624876277469,3.8124994108450903,7.11114715352679,53.354836916007656,12.731080355756005,
eval_agent,554,21,79.47132625809674,3.784348869433178,10.550622587405268,60.690943199801794,23.76828929436276,
eval_agent,555,21,112.42210123960193,5.353433392361996,11.56652394368643,52.42631329736783,42.1301487172747,
eval_agent,556,21,157.16136474723743,7.4838745117732115,13.172214840878539,69.97311487103131,38.852021140790924,
eval_agent,557,21,39.950504725779815,1.902404986941896,6.361986230725087,33.371769627892924,3.5659564815796245,
eval_agent,558,21,110.40949819441906,5.257595152115194,11.373370451486906,69.74809921368144,14.15638971240547,
eval_agent,559,21,78.39162678478246,3.7329346087991646,8.543691329897198,46.861107065373105,3.9961798674339,
eval_agent,560,21,81.83002242285112,3.8966677344214817,7.715385301362438,66.86679845257942,10.468571729150323,
eval_agent,561,21,160.4733525653874,7.6415882173993985,12.636948397621023,48.7957459424574,47.8758623507427,
eval_agent,562,21,28.855477061021123,1.374070336239101,5.699877392125702,46.96254264551568,7.11880011852183,
eval_agent,563,21,87.68164580210986,4.175316466767136,10.041659919766195,52.918015089871474,39.672236607039515,
eval_agent,564,21,25.514110378790573,1.2149576370852653,5.802511080847626,49.439399417905676,12.473253024439856,
eval_agent,565,21,65.4680074564483,3.1175241645927763,7.066057825747428,50.64483215235044,6.456911468553406,
eval_agent,566,21,10.724854169439196,0.5107073414018666,4.922087962430278,33.239048560697476,5.151023050880028,
eval_agent,567,21,94.7848216969977,4.513562937952272,12.323748296486626,49.560319350805024,40.826513212569836,
eval_agent,568,21,11.510186369922845,0.5481041128534688,4.118546271729573,39.195892782293946,18.40708890602218,
eval_agent,569,21,80.43384910471536,3.830183290700732,7.051498401215778,65.9471529921354,15.401181717718574,
eval_agent,570,21,-5.960585242178843,-0.2838373924847068,5.116645740019074,43.18883178816483,21.710281522318294,
eval_agent,571,21,126.91987822702615,6.043803725096483,11.582858088632108,52.464681659895824,46.70807638938597,
eval_agent,572,21,116.32769566504687,5.539414079287946,11.158171169698855,52.560114716038555,42.91467965199721,
eval_agent,573,21,149.48642945982672,7.118401402848892,12.668341119479877,47.648757540051754,49.48848486851156,
eval_agent,574,21,8.738363330919563,0.4161125395675983,8.177362581711174,40.57538893680224,9.013501817120208,
eval_agent,575,21,101.12849227241936,4.815642489162827,11.10229135070208,57.6795734100049,33.12640858267902,
eval_agent,576,21,53.63155237946077,2.553883446640989,9.554841398888787,54.877965667203476,28.605516345898916,
eval_agent,577,21,101.246620906637,4.8212676622208095,9.064761438720355,54.81469845599352,38.06227714906785,
eval_agent,578,21,58.264892105447,2.7745186716879524,5.563884039925983,37.41189211771729,2.727131491897691,
eval_agent,579,21,50.76986888595362,2.4176128040930296,8.17861762329399,52.915104213876724,14.400361008541317,
eval_agent,580,21,36.73587938132942,1.7493275895871152,5.545359419473296,40.819926527773234,6.783227141191043,
eval_agent,581,21,91.30605633650457,4.347907444595456,11.518329486446591,47.38170825097208,40.937367942539595,
eval_agent,582,21,59.235439362465975,2.8207352077364747,5.909607211911417,49.00431775456646,6.088271698959261,
eval_agent,583,21,79.26434474360765,3.7744926068384594,10.502755307229132,61.885246012695255,10.979147950059435,
eval_agent,584,21,59.92738077761819,2.8536847989341996,5.739846401372935,48.41291430690194,5.494866684958465,
eval_agent,585,21,0.36206896354002827,0.017241379216191823,4.372166655943465,35.089130689541506,7.677704075119419,
eval_agent,586,21,55.93414353203638,2.663530644382685,5.205936822999237,66.86897789153358,10.409496814993188,
eval_agent,587,21,112.46277212011282,5.355370100957753,11.439655970093606,47.41087411640251,46.15240383634767,
eval_agent,588,21,52.44060009218083,2.4971714329609918,9.770162294187019,37.478909793756344,19.756944024708528,
eval_agent,589,21,33.89044045859887,1.6138304980285174,4.390475357654078,33.79761920512591,4.2046372326822095,
eval_agent,590,21,108.18716614041676,5.151769816210322,10.20697711234595,51.63452574835097,42.199460207672864,
eval_agent,591,21,52.092533113810184,2.4805968149433424,3.9956031342342695,32.92671870150717,2.250845509434762,
eval_agent,592,21,85.39883453414544,4.066611168292639,6.056632866000333,54.1922872250265,4.181252150267502,
eval_agent,593,21,4.575327685294366,0.2178727469187793,6.69383443096979,34.056260002003945,20.34860709170346,
eval_agent,594,21,123.88599776716849,5.899333227008024,10.596474921107884,53.910240529147494,48.10801481040014,
eval_agent,595,21,4.4998612833334555,0.21427910873016456,4.490484940788845,39.743362975301736,7.863731765080446,
eval_agent,596,21,38.55956768376459,1.8361698897030758,4.538397301075734,34.26580868290724,3.532107107219216,
eval_agent,597,21,72.04172702169518,3.430558429604532,13.40835114406376,48.83845684853738,32.182087572012456,
eval_agent,598,21,34.74920095527673,1.6547238550131775,6.724954868423223,41.84308040602718,5.472496580786974,
eval_agent,599,21,124.5389793468932,5.930427587947296,14.597637251516092,59.56479832446823,37.769442155339384,
eval_agent,600,21,95.2694664211848,4.536641258151657,11.397124460788858,58.665526317900714,31.244578382774616,
eval_agent,601,21,43.7395486279724,2.082835648951067,13.273088326451045,37.24218687974743,16.31323940392974,
eval_agent,602,21,132.46776506829326,6.30798881277587,9.943383720235389,64.16450490682604,39.9076208910104,
eval_agent,603,21,9.298450236526799,0.44278334459651425,4.95108609827391,39.29569795263455,8.160391404695858,
eval_agent,604,21,42.55015451971606,2.026197834272194,8.732546798651322,50.468888773016914,31.565190079973494,
eval_agent,605,21,130.70449471140333,6.224023557685873,10.243987449274925,56.22562776638489,46.180494625436715,
eval_agent,606,21,124.35615194617162,5.921721521246267,12.823945957029858,60.66732749183018,34.469735043978716,
eval_agent,607,21,72.7405449448603,3.463835473564776,9.123690081263462,41.4816378660467,13.101940907037305,
eval_agent,608,21,102.31380279184617,4.87208584723077,8.52350000130996,52.20236469667049,41.50500852550186,
eval_agent,609,21,88.3589332354085,4.207568249305167,10.670475030630582,49.57841633226395,40.124287635781606,
eval_agent,610,21,63.66898244383741,3.0318563068494,5.4089632386886874,47.69096396462623,5.5274026169869295,
eval_agent,611,21,178.85023615631152,8.516677912205312,13.003762341326789,59.60437132971028,44.475011308253684,
eval_agent,612,21,11.049631943195983,0.5261729496759991,2.7821964725522954,35.62304029652855,6.19291316118364,
eval_agent,613,21,32.976877159089554,1.5703274837661692,3.0457019403089967,29.995329774200076,3.237218222621035,
eval_agent,614,21,73.32433020198143,3.4916347715229246,9.763352035204143,41.69068871788643,43.52355943023482,
eval_agent,615,21,39.74622749603187,1.8926774998110418,3.875774896144619,28.162744517525756,2.0087358917451934,
eval_agent,616,21,-6.980091058755702,-0.3323852885121763,5.337985801373756,45.49469696166396,14.965976937371051,
eval_agent,617,21,8.763522480103926,0.41731059429066314,3.7384403727965316,49.05471032112912,11.103398751350788,
eval_agent,618,21,38.560914315593514,1.8362340150282623,6.492584795218405,47.022400957870516,5.856508625340567,
eval_agent,619,21,53.515575738988026,2.54836074947562,5.70918048305904,31.99180196644838,2.395841180113505,
eval_agent,620,21,59.733985759116095,2.8444755123388616,9.3790445985821,48.22148926645329,15.16053778615492,
eval_agent,621,21,35.03739963076337,1.668447601464922,6.2737694300629245,42.71428679200724,7.515549985251434,
eval_agent,622,21,37.046212181017104,1.7641053419531951,7.474740936360201,57.75193705854385,16.564511868999077,
eval_agent,623,21,74.26175532647177,3.536274063165322,8.877571853296804,55.27702776524565,33.25012156422584,
eval_agent,624,21,55.51464277741576,2.6435544179721786,8.56091002999962,43.17458522981175,6.050082648056942,
eval_agent,625,21,32.20739389855038,1.5336854237404942,9.290843204079565,34.54371597877472,29.07679929795449,
eval_agent,626,21,42.415344327571866,2.019778301312946,3.5794551818816314,35.20371373164641,2.7209379991734237,
eval_agent,627,21,65.8730152020944,3.1368102477187807,7.6443967839783955,51.28099530983535,34.045665753112864,
eval_agent,628,21,100.87923978133232,4.803773322920586,13.00156927028275,47.07366010251354,40.00871861809982,
eval_agent,629,21,35.687858067568605,1.699421812741362,5.998665428496207,39.84118045326201,6.0103878418047065,
eval_agent,630,21,54.9571876675499,2.617008936549995,10.393562510278787,48.284344609804,33.13139355688413,
eval_agent,631,21,25.280983297521363,1.2038563475010173,5.046296513722299,47.02477828444337,8.085933576170387,
eval_agent,632,21,74.05290235814525,3.5263286837212022,8.239906488693443,49.72673851329246,21.85261604806715,
eval_agent,633,21,48.28131058258572,2.299110027742177,7.367727932473084,49.398449391555175,7.420061060024012,
eval_agent,634,21,70.58513751921612,3.361197024724577,5.496679913028392,51.118502140318185,4.1344017638005495,
eval_agent,635,21,69.94539218607304,3.330732961241573,8.67171118156524,61.32563567807026,7.47219373874164,
eval_agent,636,21,18.596570533564286,0.8855509777887756,4.0076641428262985,32.7948478171386,5.201289630859884,
eval_agent,637,21,116.42875700713299,5.54422652414919,9.699017120497384,62.9428058450902,36.230173290510294,
eval_agent,638,21,37.725875345614895,1.7964702545530902,5.732966244350617,40.20825414976574,4.466656288566569,
eval_agent,639,21,45.32793717502868,2.1584731988108894,7.381933743298804,59.65115552121953,24.34370000317983,
eval_agent,640,21,42.94197411461469,2.0448559102197468,7.4186235820461475,54.06258070341947,7.710316927890453,
eval_agent,641,21,21.124223814280743,1.0059154197276545,9.308298986106342,36.77751764026339,22.161749999747965,
eval_agent,642,21,105.14910174354902,5.0071000830261445,9.041037305601213,67.41132893322882,8.127989666954537,
eval_agent,643,21,95.30545434581732,4.538354968848444,8.849150862369148,57.55096894983885,28.063073826661853,
eval_agent,644,21,164.18345903288667,7.818259953946984,14.038566516296056,68.56391547834272,4.977683790942767,
eval_agent,645,21,112.32784342479096,5.348944924990045,13.364171610378298,62.33102005014188,6.5122933185052325,
eval_agent,646,21,46.91552893362266,2.2340728063629838,5.545015621264541,33.07255427179316,3.113329114531764,
eval_agent,647,21,143.18064233470534,6.818125825462159,17.68210469875784,59.024378585949314,32.694299677242846,
eval_agent,648,21,42.23897431694036,2.0113797293781124,8.252500659641461,45.68392517552816,17.55775752229344,
eval_agent,649,21,94.7683092071653,4.512776628912634,9.075125671232014,59.31815474835461,37.88197370363375,
eval_agent,650,21,72.51858525564997,3.4532659645547605,9.606593418937804,61.72424089355651,21.741203284916406,
eval_agent,651,21,14.484623530058043,0.6897439776218115,4.4182070403669185,31.539362347041077,5.317358731693178,
eval_agent,652,21,117.47247656425371,5.593927455440652,11.027482958113257,48.3800221341371,47.134226609131986,
eval_agent,653,21,93.03978247497511,4.430465832141672,9.269609144696146,47.66017263388341,45.264674044648274,
eval_agent,654,21,93.67063481688241,4.460506419851543,10.82617808577299,50.48757688387376,42.60542868990507,
eval_agent,655,21,78.54132403132968,3.7400630491109372,6.526962526915164,59.98383035402437,31.64684785254564,
eval_agent,656,21,108.99752986721784,5.190358565105611,10.648831075550614,47.89787202319458,46.61328743191748,
eval_agent,657,21,50.167816489415074,2.3889436423530985,10.078189878447093,50.42598341504629,23.92206888528614,
eval_agent,658,21,88.11666790620491,4.196031805057376,12.576856503072564,52.932415090913736,31.90132778171511,
eval_agent,659,21,170.37196340867155,8.112950638508169,10.680672144514103,77.1029775856532,5.132281579476828,
eval_agent,660,21,111.14314900263224,5.292530904887249,11.389849213764036,58.51976633223335,38.628554385142515,
eval_agent,661,21,85.57385017296757,4.074945246331789,10.410004090410071,50.20544883768343,37.01681220815816,
eval_agent,662,21,138.00650682937493,6.571738420446425,12.964427399179941,69.05405195788873,7.274925311016174,
eval_agent,663,21,20.102079335360585,0.9572418731124088,8.201289332474445,33.93383916296542,13.202850802963795,
eval_agent,664,21,43.06157294617298,2.0505510926749038,5.740617041187678,57.04132936009917,28.411363604192687,
eval_agent,665,21,105.68534196306774,5.032635331574654,10.981750190194104,60.89079753506408,30.32386493553552,
eval_agent,666,21,180.40893733818618,8.590901778008865,13.893245018656467,78.7640683213021,6.993330145684768,
eval_agent,667,21,117.0978440705812,5.576087812884818,9.437392525990052,67.93622968168754,13.554731239454098,
eval_agent,668,21,54.63769032077779,2.6017947771798946,9.70679104367593,56.36541846491648,24.23614013805744,
eval_agent,669,21,24.829968598798594,1.1823794570856474,5.053336358296984,47.85513101026458,7.567000259433949,
eval_agent,670,21,21.18304671957153,1.0087165104557871,5.197046274984385,47.44805805405304,9.825835157472822,
eval_agent,671,21,20.706661261243717,0.9860314886306532,6.613481737589312,42.98631079190093,8.488769276382845,
eval_agent,672,21,113.57089800036594,5.408138000017426,14.57403787859381,58.00893302221893,14.906164442738222,
eval_agent,673,21,8.209839649864989,0.39094474523166617,4.8454950567538075,36.75108677306578,7.259958602467817,
eval_agent,674,21,4.1446318390882135,0.19736342090896256,4.545428505279258,34.32029863275168,8.107121426259118,
eval_agent,675,21,43.90774230805685,2.090844871812231,6.385779342594961,55.874498408630345,27.461599311833464,
eval_agent,676,21,75.73835808353745,3.60658848016845,8.340792859342542,60.38563047604044,9.524492526592914,
eval_agent,677,21,71.85794804623617,3.4218070498207704,7.019471233706381,62.7275289597292,8.195657274939292,
eval_agent,678,21,123.28482917268356,5.870706151080169,15.455837425495478,50.447279757888545,41.955692080022786,
eval_agent,679,21,66.64657539438988,3.1736464473518993,8.10850851770869,58.38028862909205,13.39712471450896,
eval_agent,680,21,108.10973785818237,5.148082755151542,10.631897813371134,51.947793656526514,46.15660332305222,
eval_agent,681,21,111.70189256865382,5.319137741364467,11.438092331781636,50.48520505436581,45.38265543234951,
eval_agent,682,21,51.057979894509806,2.431332375929039,5.241340325923457,39.59349511617774,4.642494445374884,
eval_agent,683,21,90.55821923515323,4.312296154054916,10.36023685884377,51.42698461868187,39.99208318304871,
eval_agent,684,21,-11.639713190633373,-0.5542720566968273,4.319730536351282,45.23567703477666,18.27901169712703,
eval_agent,685,21,60.79399140276641,2.894951971560305,6.134121057514907,47.114952971081586,4.047837258592097,
eval_agent,686,21,26.419145722247872,1.2580545582022795,7.5932888091887785,53.527606121373196,13.650771676437907,
eval_agent,687,21,46.65555748216326,2.2216932134363456,6.958071653032653,50.78855911136732,9.451059105997704,
eval_agent,688,21,123.57586458182897,5.884564980087094,10.906667863424945,59.80767034430806,40.4226431358958,
eval_agent,689,21,98.75517869040843,4.7026275566861155,7.902833506741209,63.1560011785451,6.497702575123219,
eval_agent,690,21,101.7782090212782,4.8465813819656285,10.33981171327468,47.617999142567484,40.25772167273825,
eval_agent,691,21,-13.564668491878399,-0.6459365948513524,5.019711793603335,35.199967503957346,10.311349316868064,
eval_agent,692,21,69.16088939465577,3.2933756854597984,5.739849758112372,48.89860950793435,5.567109719778285,
eval_agent,693,21,-19.22149514881854,-0.9153092928008829,4.285489195178041,31.469908934518077,9.456960401436147,
eval_agent,694,21,44.15485734059914,2.1026122543142454,11.260197080723447,47.331426793838666,27.761013373577782,
eval_agent,695,21,120.91136572197331,5.757684081998729,11.872340023826759,54.97153775413677,43.94003840360272,
eval_agent,696,21,30.343563770759474,1.4449316081314036,10.356443647716556,39.526033377754736,19.172701133079187,
eval_agent,697,21,-27.370986166731747,-1.3033802936538927,3.6857433503594605,38.645664567516874,11.588389859819285,
eval_agent,698,21,45.08651429793834,2.146976871330397,3.7672916875296525,29.735438943306566,2.170223856917068,
eval_agent,699,21,94.91037155104141,4.519541502430544,14.392772156249112,53.67984365887857,32.14876194531576,
eval_agent,700,21,-1.7451403714239104,-0.08310192244875764,4.352152094699229,35.85569044866064,7.090973554745633,
eval_agent,701,21,142.95403245656757,6.80733487888417,11.31050716854306,60.189583793333895,43.60714720156655,
eval_agent,702,21,67.29378150710782,3.2044657860527535,7.065266747671481,53.7248717684497,6.8768019654305235,
eval_agent,703,21,45.0306993703119,2.1443190176339004,8.524601297183366,52.33847784802772,25.82648482074943,
eval_agent,704,21,69.05885591414744,3.2885169482927354,5.482063640277838,44.11782608005158,4.82560674716298,
eval_agent,705,21,210.19840711056366,10.009447957645888,14.349419760006933,72.91303379751709,42.29704863613684,
eval_agent,706,21,44.239128016438805,2.106625143639943,7.139041405389584,49.779728992074105,8.100304365542788,
eval_agent,707,21,124.17943496084156,5.913306426706741,10.865892917707482,47.55313676060339,46.8624159748118,
eval_agent,708,21,22.550382931048134,1.0738277586213396,3.948453803826507,37.80986919953151,6.050071385792754,
eval_agent,709,21,82.2832069410863,3.918247949575538,17.260207241086093,48.66989908144229,21.83808213289604,
eval_agent,710,21,159.96692638901686,7.617472685191279,13.830934686100347,67.9380329568826,36.810959986781675,
eval_agent,711,21,61.04293707355676,2.9068065273122268,6.780849762125592,52.670424851650964,32.683863930267044,
eval_agent,712,21,8.081271719850218,0.38482246285001037,8.592888683020272,39.12992472495029,15.643621518261133,
eval_agent,713,21,127.16761482364124,6.055600705887678,11.936001913078973,47.79720654536101,45.559962040403285,
eval_agent,714,21,67.66757824422423,3.2222656306773447,8.747609218772824,45.17472018294103,39.37432574523043,
eval_agent,715,21,95.42153235585428,4.543882493135919,8.883199374380668,50.209236087508124,41.31485822569187,
eval_agent,716,21,36.666685385425104,1.7460326374011956,9.137566713436017,44.72715494843154,11.460855144570425,
eval_agent,717,21,18.7253174809087,0.8916817848051762,3.595947789935692,55.85467840136724,14.095486541224451,
eval_agent,718,21,119.7813663598985,5.703874588566595,10.308988211949655,60.91816104497928,36.39762837998121,
eval_agent,719,21,93.59078022270474,4.456703820128797,8.13331777411092,64.47871209776339,11.67857444573943,
eval_agent,720,21,60.58413736418774,2.884958922104178,10.041424656677474,56.69670928779375,9.192768322680818,
eval_agent,721,21,49.30398038484287,2.3478085897544223,7.304045169274522,43.979275378330414,5.1105333740226255,
eval_agent,722,21,33.54377485520527,1.5973226121526318,3.960632413222444,48.79803871852319,7.37810785639011,
eval_agent,723,21,15.429000288204497,0.7347142994383093,4.26138373828159,33.55128307593832,5.782376323281721,
eval_agent,724,21,94.53875011874827,4.5018452437499175,6.976991467806556,64.71184841357814,6.991293181729013,
eval_agent,725,21,42.235517508259534,2.01121511944093,10.36127786426833,38.37338567227817,22.279049637408882,
eval_agent,726,21,44.47837388891083,2.1180178042338493,8.281678832748419,48.94087238702841,9.625741982848506,
eval_agent,727,21,84.15934816799975,4.007588007999988,9.852121992074517,54.14542442311759,36.78627268418687,
eval_agent,728,21,-6.4174323459999005,-0.3055920164761857,5.87495826983776,36.199445861232206,12.531107790959013,
eval_agent,729,21,71.68944722639942,3.4137832012571154,7.455601127957405,53.05836509933853,33.14235686805643,
eval_agent,730,21,48.99695817955359,2.333188484740647,10.406846336614578,42.31283632052102,18.231216205597093,
eval_agent,731,21,63.44035182557706,3.020969134551289,8.906346529260524,51.21463614465998,36.91756682960997,
eval_agent,732,21,79.00717221405412,3.7622462959073397,9.01389873357299,63.077021858619865,25.334010303686874,
eval_agent,733,21,144.02260381036152,6.858219229064835,10.930170842073915,67.77673819290571,5.916633665523981,
eval_agent,734,21,18.031505118377247,0.858643100875107,4.556607762289009,37.85274000869871,5.675063788220341,
eval_agent,735,21,67.09032750080041,3.1947775000381147,7.358160976449462,54.585126481418214,25.66507810279308,
eval_agent,736,21,89.88474576879005,4.2802259889900025,11.391033936476733,56.26301034110501,7.8542616802067755,
eval_agent,737,21,120.27702845242958,5.72747754535379,9.592936976702141,55.91250012012547,43.165658987209575,
eval_agent,738,21,103.12138867972166,4.910542318081983,10.825145373596666,57.26743205131134,38.388968814527594,
eval_agent,739,21,35.66593571650136,1.6983778912619694,4.643729270571841,33.04738739361834,4.886176679734663,
eval_agent,740,21,134.94789575007874,6.426090273813275,10.874387385051444,57.040825526705625,44.135777621605634,
eval_agent,741,21,-11.648318887113085,-0.5546818517672898,4.980252377979807,39.995760719332935,10.03773353989068,
eval_agent,742,21,53.8358412641415,2.5636114887686428,5.78532987565026,36.49412247098512,3.195340551222737,
eval_agent,743,21,132.61377361876848,6.314941600893737,11.323237812920977,54.14119661472844,41.460467109351505,
eval_agent,744,21,52.12036093417296,2.4819219492463316,8.634128750223779,52.647465179959134,15.001573959733822,
eval_agent,745,21,101.34535833950716,4.825969444738436,10.81228416776445,49.30649189711665,43.453811897897,
eval_agent,746,21,63.6983134189468,3.033253019949848,10.034552653407166,55.8719378154338,23.37696198473558,
eval_agent,747,21,158.27562538968402,7.536934542365907,13.106358809016859,47.72572301571126,51.29622124266903,
eval_agent,748,21,126.07113244960185,6.0033872595048505,14.7188716943107,60.95960206441244,36.036839445740654,
eval_agent,749,21,133.44425309620752,6.354488242676548,14.256545145799473,53.207637927136645,38.14926821977669,
eval_agent,750,21,86.77653216042398,4.132215817163046,8.950990266425821,56.08599592049293,5.674548654337179,
eval_agent,751,21,136.42230342298058,6.496300162999075,12.079391926976589,54.38509765919163,43.416959178104236,
eval_agent,752,21,110.50245212116218,5.262021529579152,11.349916410634707,58.007941711998484,39.12763035423121,
eval_agent,753,21,14.128179034865392,0.6727704302316853,5.319048961235761,42.12089642813632,6.617426189409953,
eval_agent,754,21,79.83800289134531,3.801809661492634,9.112032434390885,44.61068162046215,42.769159045421766,
eval_agent,755,21,56.3309463396246,2.6824260161726,11.388078305206633,43.64993334776532,27.127245641845597,
eval_agent,756,21,117.58823399956985,5.599439714265231,10.47753309711367,55.988307934418856,5.648342363421872,
eval_agent,757,21,81.94401091190439,3.902095757709733,9.743879405357271,46.27277035947647,31.033320565705246,
eval_agent,758,21,125.8428632620708,5.992517298193847,11.458738680812546,51.851138576530424,43.33486210776342,
eval_agent,759,21,61.037746631144756,2.9065593633878457,9.250985016239937,47.15676440210698,30.379224168865406,
eval_agent,760,21,10.991649210202509,0.5234118671525004,5.378650849522032,30.79284095492051,6.451061356569461,
eval_agent,761,21,77.36879472721115,3.6842283203433883,7.241943179933985,47.919121540317974,4.490090633041069,
eval_agent,762,21,61.23857733056839,2.916122730027066,9.49844845793094,51.525248246843546,34.843310590786494,
eval_agent,763,21,39.32961733099596,1.8728389205236171,4.4657650942072795,33.555774722895315,3.4896826994841765,
eval_agent,764,21,73.00477712132036,3.4764179581581125,11.157494436262605,47.637895214515616,35.869418903683155,
eval_agent,765,21,26.37470679752774,1.2559384189298923,5.300337480977271,55.878163234847065,9.095807226235692,
eval_agent,766,21,147.98854257910682,7.047073456147944,11.800650475399452,58.41419810387493,44.33333907648059,
eval_agent,767,21,89.51827642617127,4.2627750679129175,8.48979654941463,51.58519497218763,3.883182049840188,
eval_agent,768,21,47.04137719348534,2.2400655806421588,9.032417891931395,53.810616344094555,28.82310027750152,
eval_agent,769,21,174.72129836438484,8.320061826875468,14.322827735954263,59.76859481349693,45.92244961118987,
eval_agent,770,21,39.72230599780406,1.8915383808478121,5.761709582565814,54.46518356057367,11.431793559660514,
eval_agent,771,21,52.18913846476815,2.485197069750864,7.662640333825899,53.613603603644776,7.778851024102042,
eval_agent,772,21,72.55168602851316,3.45484219183396,9.882130448113173,48.518832947629235,34.21913323400213,
eval_agent,773,21,56.722744917151374,2.7010830912929227,7.970919335147069,56.425801999933036,26.960565119481455,
eval_agent,774,21,111.14782601959898,5.292753619980904,10.019048898113475,52.33039269548943,43.29395536956291,
eval_agent,775,21,52.49075511660997,2.4995597674576175,4.28885585332617,33.233518566534016,3.09329152886884,
eval_agent,776,21,-4.603410541146768,-0.21921002576889367,4.454111664593188,35.18675838699467,7.776900436995315,
eval_agent,777,21,122.80179158956928,5.847704361408061,8.449008001386506,63.97726658618384,5.432813502016628,
eval_agent,778,21,58.627971226224986,2.791808153629761,10.61694906690384,42.64739320682886,16.378445522865444,
eval_agent,779,21,27.06915698506901,1.2890074754794767,7.855987036629579,47.990854461409576,11.821812340443937,
eval_agent,780,21,126.33187883047025,6.015803753831916,16.194226548112738,60.29548005351181,25.225943543191693,
eval_agent,781,21,90.35773781653454,4.302749419834979,12.00424800573137,48.111496737240586,42.64968154324585,
eval_agent,782,21,71.58591798755873,3.4088532375027967,9.56843696714834,57.367770364802006,10.366441713142095,
eval_agent,783,21,0.4539980646059975,0.02161895545742845,4.553803397966913,35.75312417402034,9.547685629182363,
eval_agent,784,21,5.758040893297285,0.27419242349034695,4.334841128448599,38.309732963786864,7.474229469957031,
eval_agent,785,21,30.10292046270341,1.4334724029858767,7.0602160739876485,53.11072650923545,10.460267216434769,
eval_agent,786,21,59.99151524243566,2.8567388210683644,9.393204070341623,50.37486252832311,33.7471007202765,
eval_agent,787,21,65.34049163495365,3.1114519826168405,9.141917742903805,49.76852505949501,35.006510132895706,
eval_agent,788,21,105.01217219294865,5.00057962823565,9.8547471391194,50.57721643437211,43.385557005662136,
eval_agent,789,21,17.848074675517804,0.8499083178818001,3.2325527785466464,30.689214700854823,4.808332509128176,
eval_agent,790,21,42.76845341610539,2.0365930198145423,7.505321223728135,51.930801484742666,9.491343408182438,
eval_agent,791,21,222.37348116322596,10.589213388725046,13.085736304997353,74.64394407424953,45.98406194617765,
eval_agent,792,21,125.44162941269664,5.973410924414127,10.659918516245549,46.136928802525304,48.72379451306445,
eval_agent,793,21,129.83479939129975,6.182609494823797,11.323050145599787,49.22336633862267,51.04367920842711,
eval_agent,794,21,31.082320098245155,1.4801104808688168,6.04339807931572,38.4030263701607,6.234872586543955,
eval_agent,795,21,108.74856632747938,5.178503158451399,11.561514184841142,49.916476761194744,45.68940843203803,
eval_agent,796,21,125.6704775064519,5.984308452688185,10.83138392852263,60.46397510128311,38.17055469479723,
eval_agent,797,21,88.79313502030142,4.228244524776258,7.857633929699007,65.59999408266191,20.332781092182067,
eval_agent,798,21,41.13672228758244,1.9588915375039255,5.244880950343606,37.55035338213525,3.9236945115605404,
eval_agent,799,21,61.43793083545438,2.925615754069256,10.811036267623537,44.55356518818576,32.11354589609035,
eval_agent,800,21,89.03184961149236,4.239611886261541,6.48379696280101,53.5021752586755,4.146150364676379,
eval_agent,801,21,159.81272370797748,7.610129700379879,14.192974243992904,63.47763885014295,43.18933727935291,
eval_agent,802,21,-8.63149228499479,-0.4110234421426091,4.318029004432862,30.94158050925467,8.695268172536364,
eval_agent,803,21,94.82898403925759,4.515665906631314,10.480482277701743,44.78810024551005,49.69410794942982,
eval_agent,804,21,-8.058088932295888,-0.38371852058551853,3.950319666489218,46.76039576664019,15.583825007752518,
eval_agent,805,21,45.286059787021834,2.1564790374772302,5.154980474489909,54.54033127350858,9.048439022083775,
eval_agent,806,21,54.13071502222392,2.577653096296377,12.277692756315306,51.41431282384179,17.343925867673466,
eval_agent,807,21,176.8836232401345,8.423029678101644,12.442897082615875,73.74918936679833,38.431172753488106,
eval_agent,808,21,71.42313992235316,3.401101901064436,6.281056917073314,58.61605823821232,6.248749266674048,
eval_agent,809,21,106.26182405444293,5.060086859735378,9.788186335569252,45.420345021310006,46.06982393426342,
eval_agent,810,21,8.216867141042497,0.3912793876686904,6.34689568966182,38.737037191307344,5.576284669979522,
eval_agent,811,21,263.8684036040068,12.565162076381275,19.57275356540351,80.27042354569336,41.128002217933734,
eval_agent,812,21,37.522176437432584,1.786770306544409,6.6210454845094,44.97203057271521,5.870809710295135,
eval_agent,813,21,100.5996323223323,4.790458682015824,12.470389727187847,56.56054969031876,33.87081842410577,
eval_agent,814,21,60.25653838058714,2.869358970504149,11.039355424516712,51.56124845621327,10.17245550415956,
eval_agent,815,21,48.686918210412216,2.318424676686296,5.8439478996491925,41.13198415068538,5.023967648223561,
eval_agent,816,21,39.64396465799705,1.8878078408570025,6.107258680192827,61.214257414203566,11.696129515108359,
eval_agent,817,21,76.5212778600515,3.6438703742881664,10.801488167995094,64.61802976279712,25.732282340633013,
eval_agent,818,21,62.428503372085764,2.9727858748612266,8.595283571819682,53.07751459824675,8.562457955170347,
eval_agent,819,21,106.24781618291276,5.059419818233941,10.68094554548921,51.55450579441265,39.27597391012181,
eval_agent,820,21,43.43329259163606,2.0682520281731454,4.93667043305041,33.57646154984477,2.6456791528625323,
eval_agent,821,21,63.769560918577326,3.036645758027492,6.700605954646755,52.32203707450846,5.381318578923675,
eval_agent,822,21,62.46373928531277,2.9744637754910843,11.653568237752944,48.842442281864066,31.9532349228022,
eval_agent,823,21,132.4367487848428,6.306511846897275,11.112208114329203,50.427710515908544,50.33101701461567,
eval_agent,824,21,60.65387438278331,2.8882797325134906,8.216647916312379,57.52465019433317,21.96215387630234,
eval_agent,825,21,47.196242623055575,2.247440124907408,7.259932903037521,58.260564345470584,9.172176568451881,
eval_agent,826,21,57.82935287042203,2.7537787081153344,8.024207486363991,53.928168678665806,10.083103948439412,
eval_agent,827,21,9.696328733023481,0.4617299396677848,4.947307518008423,33.5474831772175,6.124231964768889,
eval_agent,828,21,48.93082966390987,2.330039507805232,14.053103008698304,40.43174217158409,22.824140692526125,
eval_agent,829,21,23.795945556156244,1.1331402645788688,4.427979145864887,31.340465230034383,4.388388187863551,
eval_agent,830,21,113.39259357973327,5.399647313320632,10.252825268308005,47.1145516553271,46.610207744168534,
eval_agent,831,21,71.27704163348666,3.394144839689841,8.532699328367283,61.55551703998109,7.7119696359316245,
eval_agent,832,21,83.11000961496796,3.9576195054746646,8.984888481651549,59.14859121888662,7.587955754697873,
eval_agent,833,21,43.41467368480597,2.067365413562189,5.02360212800056,35.38965244292864,3.9352725451236013,
eval_agent,834,21,30.727981709036296,1.4632372242398235,6.61007485902646,40.432106603906234,6.794934332191252,
eval_agent,835,21,114.60440228467398,5.45735248974638,11.777820714755576,55.19307502800808,27.249340194846482,
eval_agent,836,21,89.08893310131276,4.242330147681559,9.343705063272209,62.97268801311363,15.31323761027601,
eval_agent,837,21,122.39280551221404,5.828228833914954,11.269853491435397,57.614200797200596,42.44251911542523,
eval_agent,838,21,77.91970212449414,3.7104620059282922,9.438095253173062,57.4643704995812,11.388486513401311,
eval_agent,839,21,37.07441251597377,1.76544821504637,6.160511434667285,54.23353201993441,28.672240228490086,
eval_agent,840,21,89.35355458376404,4.25493117065543,10.941876805482202,52.533459417036966,34.41040214925474,
eval_agent,841,21,81.11477857888977,3.862608503756656,9.389690482238807,51.713672069650926,7.069067625628893,
eval_agent,842,21,47.53360906956924,2.2635051937890114,8.23689534146689,57.150539157246705,18.102543796547764,
eval_agent,843,21,86.96843160927692,4.141353886156044,9.286255896460222,44.839614958789895,3.970985709170459,
eval_agent,844,21,149.46744072022497,7.11749717715357,10.411072180297959,62.94863177265831,40.98835555445998,
eval_agent,845,21,153.08306816443857,7.289669912592314,12.85069306890423,45.38932674321425,51.48208800286657,
eval_agent,846,21,103.13566658378224,4.911222218275345,11.135342567992199,53.57634476914835,40.78259214286987,
eval_agent,847,21,17.177734863352608,0.8179873744453622,5.166901082665355,44.11905041957153,8.054161663342198,
eval_agent,848,21,57.44868484241222,2.735651659162487,11.986781883201568,51.656384855610696,28.34360435920185,
eval_agent,849,21,101.89043110292252,4.851925290615358,8.963357404474264,54.56744832790814,39.894131329039126,
eval_agent,850,21,4.3703959097116885,0.20811409093865182,5.260630092382524,34.215765208171625,7.7021574870687095,
eval_agent,851,21,29.644839807909605,1.411659038471886,8.480841651626902,50.69138013007614,26.63770221919611,
eval_agent,852,21,132.78413923066213,6.323054249079148,14.541873827847931,58.068468330127885,24.24475032104893,
eval_agent,853,21,55.95886646153602,2.6647079267398106,6.966423618865704,59.6462182205613,28.025777055405133,
eval_agent,854,21,96.43771934376558,4.592272349703123,9.568449628219021,47.32594202329676,42.88812963213485,
eval_agent,855,21,31.513115550596034,1.5006245500283826,4.911106335902759,28.602029924907846,4.322915162301317,
eval_agent,856,21,122.14844215531456,5.816592483586407,12.242481611371987,54.463526656483474,41.18545805797659,
eval_agent,857,21,-1.2073068735330044,-0.05749080350157164,4.886207071216258,44.03119409446582,13.378288341411057,
eval_agent,858,21,91.11647706603,4.338879860287143,9.60020113398675,52.82191001220401,37.53813818985137,
eval_agent,859,21,88.34653800288629,4.206978000137442,11.040111562545308,47.91461281195635,42.70773470867062,
eval_agent,860,21,102.988926756027,4.904234607429857,10.295121239854588,57.406921021246006,37.19877982269211,
eval_agent,861,21,96.87578683879723,4.613132706609392,9.474760418467342,48.575100266673424,41.412571337065074,
eval_agent,862,21,103.15696211149113,4.912236291023387,9.400969918853336,56.45319114201303,39.00306919819507,
eval_agent,863,21,12.49435560982299,0.5949693147534758,9.60771794315745,38.953392697562755,27.607008811009397,
eval_agent,864,21,100.01470583738697,4.76260503987557,12.454478814004517,54.77242616863102,31.05441440501804,
eval_agent,865,21,232.351751861768,11.064369136274667,20.986968637075503,62.41749054808854,44.89665620297841,
eval_agent,866,21,116.96720723832051,5.569867011348595,8.632486760274995,59.57417181144591,5.315098104879145,
eval_agent,867,21,58.9197426357382,2.8057020302732476,4.9913287086827,64.19164517125115,8.035006648999051,
eval_agent,868,21,93.58588391523115,4.456470662630055,10.46471940984025,49.820534496853874,43.669241290233686,
eval_agent,869,21,38.835556651841856,1.8493122215162792,3.792225355324849,57.81896043278793,9.180734056750303,
eval_agent,870,21,18.584550094498987,0.8849785759285232,4.231714368835227,30.235158056143334,5.3722538847993055,
eval_agent,871,21,65.0690164168186,3.0985245912770765,5.680095236849707,48.17650919913743,4.7799616734622505,
eval_agent,872,21,76.91920568941376,3.6628193185435127,9.771213709607862,51.545180687329655,11.35790515355494,
eval_agent,873,21,111.14815813847034,5.292769435165254,10.731413510821701,46.38484325491155,49.53148074931342,
eval_agent,874,21,72.0873818104894,3.432732467166162,4.362830084383173,46.43343871990944,3.87989589688351,
eval_agent,875,21,29.181452623286553,1.3895929820612645,4.7113421033130845,30.555552081071617,4.736136750232191,
eval_agent,876,21,60.27951714992642,2.870453197615544,7.008046175337772,59.16862196930693,29.07733199933351,
eval_agent,877,21,55.63335735212078,2.649207492958132,4.8504783931452415,61.99080553544756,9.512246066553923,
eval_agent,878,21,31.827122788388706,1.5155772756375574,5.58699752538191,50.03738663567765,15.86455521015733,
eval_agent,879,21,23.201591509304286,1.1048376909192517,5.790477279057517,46.440759275366965,10.78816775708755,
eval_agent,880,21,203.64892610101552,9.697567909572168,14.60359207672697,69.38319824160406,47.472054480104525,
eval_agent,881,21,9.27398608598715,0.4416183850470072,4.0156994080929636,46.6493047425111,8.62588136536727,
eval_agent,882,21,74.77491170725597,3.5607100812979033,10.201226190806514,58.287763556757746,12.70927301950452,
eval_agent,883,21,138.66893325036824,6.603282535731822,11.192779637261548,50.69557861076952,42.84029174919034,
eval_agent,884,21,109.7677170006971,5.227034142890338,7.921637588419894,54.72233426801843,4.810568694312253,
eval_agent,885,21,107.07974350587558,5.099035405041694,10.918415502932406,65.05490068709982,14.955062401295102,
eval_agent,886,21,-9.770529022000312,-0.46526328676191964,3.557630529153385,43.76583759238095,10.075837489070286,
eval_agent,887,21,36.00425891346841,1.714488519688972,8.392450410760514,49.43822386234223,11.324727375044045,
eval_agent,888,21,30.873357716031197,1.4701598912395808,5.671204165135264,56.419291295101196,11.500801702332117,
eval_agent,889,21,6.697204576924678,0.3189145036630799,4.539921548869298,43.02867405271905,9.92816209998795,
eval_agent,890,21,54.92706864238879,2.6155746972566094,7.537618541402123,60.829804267357474,12.687257026736937,
eval_agent,891,21,94.33544982090906,4.492164277186146,10.683467363693229,50.69957540937038,40.36688875462778,
eval_agent,892,21,-5.711794136743631,-0.2719901969877919,5.641634042711991,39.45649104739948,8.352843992751357,
eval_agent,893,21,56.04117109637097,2.6686271950652842,6.478145668998271,50.718268808759746,34.31577681896793,
eval_agent,894,21,129.2992329901138,6.157106332862561,6.999080345605876,72.89909690559134,4.873911046459124,
eval_agent,895,21,35.85608979041181,1.707432847162467,5.680642534144075,55.94276081730956,13.947043550155175,
eval_agent,896,21,76.02872348489217,3.6204154040424843,7.089473530397568,54.41581072174129,5.583176734458747,
eval_agent,897,21,111.45471711009003,5.307367481432859,10.855791712355426,45.39280945899849,47.54516847753441,
eval_agent,898,21,32.55207015497967,1.5500985788085555,5.878999757162269,53.67304254115016,23.00150805376623,
eval_agent,899,21,120.93976006755203,5.759036193692953,10.340974772945344,46.08687643462673,46.71660807692006,
eval_agent,900,21,67.19206915494249,3.1996223407115467,9.215832005993542,46.02851806091255,37.65055906459932,
eval_agent,901,21,82.79736682638776,3.9427317536375126,6.9614636997490615,54.41810951070105,5.550394954079585,
eval_agent,902,21,5.925872206811716,0.2821843908005579,5.339195135205415,37.19037702500302,9.809218645734395,
eval_agent,903,21,3.1569978570991806,0.15033323129043716,5.828031216586057,47.905008128258984,25.58745767838291,
eval_agent,904,21,49.1735042095955,2.3415954385521665,7.0979502864476585,52.492730529112926,8.72147774059464,
eval_agent,905,21,62.64918423904734,2.9832944875736827,6.016041686870499,43.06491812249066,4.766056669761481,
eval_agent,906,21,126.92144584149479,6.043878373404514,15.023305507555406,56.7836011231425,41.079235003207216,
eval_agent,907,21,53.8422097665498,2.563914750788086,6.232923903158335,61.11400543290895,25.36670152050017,
eval_agent,908,21,107.19224501969883,5.104392619985658,11.301154534879661,51.88039071451735,41.33482807077638,
eval_agent,909,21,116.14185195644644,5.530564378878402,10.203700432401572,62.74158492549839,34.496479750050995,
eval_agent,910,21,112.2035009262992,5.343023853633295,10.657654556183346,64.50942834171474,6.730308933199025,
eval_agent,911,21,17.742434164665823,0.8448778173650391,4.459800151562456,47.58384743386994,9.796563945562808,
eval_agent,912,21,131.95818399212553,6.283723047244074,9.436671234961294,69.64844311817711,6.787844021451932,
eval_agent,913,21,54.00392550360231,2.571615500171539,6.447189310762117,43.79459745135218,4.562831163761467,
eval_agent,914,21,74.34356734738468,3.5401698736849845,11.82013743020904,56.70056809041016,24.759432230189713,
eval_agent,915,21,116.570918598307,5.550996123728905,9.210153174200938,58.795250237483586,4.470284962903131,
eval_agent,916,21,-7.3720938476342,-0.351052087982581,3.1006363967982034,37.881546259554355,16.711635459071115,
eval_agent,917,21,5.083963400350431,0.24209349525478244,2.5396999117589414,33.402709752018175,5.362584724573751,
eval_agent,918,21,65.0224751029134,3.0963083382339716,8.80439415803985,50.005899621391976,26.140204308059225,
eval_agent,919,21,170.42869734495082,8.115652254521468,15.736916338422356,65.59823969516601,41.0481042649144,
eval_agent,920,21,-23.36943799988954,-1.1128303809471212,4.246563640428699,35.13583904822014,21.540218911711275,
eval_agent,921,21,76.39487109659505,3.637851004599764,10.429200825996675,58.269919649628605,7.744878631600173,
eval_agent,922,21,130.44549232808745,6.211690110861306,12.797166657313124,55.37023634607493,40.27825731693085,
eval_agent,923,21,91.56434578869958,4.360206942319028,9.896275716355765,62.5255750113112,19.554867692735716,
eval_agent,924,21,66.7333190920582,3.1777770996218186,12.39044592695089,46.77231686933463,9.531470773603083,
eval_agent,925,21,127.45419980263577,6.069247609649322,10.626837164157283,57.77951018242111,45.26246332862655,
eval_agent,926,21,105.35204858711325,5.0167642184339645,11.390254141452392,49.73379968621947,47.302327168920385,
eval_agent,927,21,103.76130756850145,4.9410146461191164,6.064848305507849,53.376100896179146,2.8488388829810742,
eval_agent,928,21,34.77809459653222,1.6560997426920105,6.235573431012569,32.50552425352829,4.74907206306461,
eval_agent,929,21,64.5364057259718,3.073162177427229,8.566655490370527,57.72085754566723,9.287842699301091,
eval_agent,930,21,105.93267655653639,5.044413169358876,12.632124808142184,53.04045339007691,41.277100768865495,
eval_agent,931,21,9.462140942196793,0.45057814010460917,4.992202557143894,54.88396548976646,21.05534822225122,
eval_agent,932,21,156.3915823456838,7.447218206937323,11.290412782411948,59.91884191002565,48.12534725942396,
eval_agent,933,21,17.52141994496197,0.8343533307124748,4.212112173748364,38.070210782690246,6.884519685729684,
eval_agent,934,21,50.35585771805508,2.3978979865740513,8.043672053496651,47.372357795346346,8.813459763205778,
eval_agent,935,21,126.64436790799725,6.030684186095106,6.394915111676555,71.474634188922,6.426601822904722,
eval_agent,936,21,65.50436484451463,3.1192554687864105,6.787290251404097,53.628085565883026,31.465358557635934,
eval_agent,937,21,141.7818523260744,6.751516777432113,11.847777605386929,52.47350961538137,49.53127604783233,
eval_agent,938,21,33.27974787772962,1.5847498989395057,5.437736498805668,35.348473408295,5.377190916921416,
eval_agent,939,21,99.61164338627154,4.743411589822454,12.344069607279812,57.85307831751232,32.659131872945146,
eval_agent,940,21,57.953890119995926,2.759709053333139,4.791668822826144,43.05740303248246,4.622463413020331,
eval_agent,941,21,38.087744858232256,1.813702136106298,4.816486267436673,34.53371507168939,3.766507222040842,
eval_agent,942,21,136.3923416701711,6.494873412865292,14.471819818638894,64.10056207382985,35.41580860452484,
eval_agent,943,21,24.05338688282106,1.1453993753724314,4.927922531277099,36.09312059989325,5.486931437947019,
eval_agent,944,21,151.4950112709772,7.2140481557608185,13.529590982316636,53.23778970739276,47.93599073596221,
eval_agent,945,21,91.0241702942344,4.334484299725447,9.647966336140485,56.53306870471568,33.97917221478699,
eval_agent,946,21,106.70151604312903,5.081024573482335,12.739019179958659,51.95784714081829,44.151414818971304,
eval_agent,947,21,98.12086437192679,4.672422112948894,10.863339145499761,49.16487703787614,45.10726059812629,
eval_agent,948,21,76.11529108574457,3.6245376707497416,8.469172276324173,54.376732062370095,32.40604260542515,
eval_agent,949,21,138.98458363541477,6.618313506448323,11.078071652694737,58.43664855123083,46.86849022827721,
eval_agent,950,21,48.77568684542611,2.3226517545441006,6.9684825262347045,51.35014462453501,12.082873356707148,
eval_agent,951,21,36.32780748094151,1.729895594330548,7.25299601148957,53.913687212652995,16.97585649618353,
eval_agent,952,21,31.52851397019115,1.5013578081043406,8.968555642701322,50.70039040399552,16.71936199110582,
eval_agent,953,21,110.12654975779401,5.24412141703781,10.397829316643417,63.54371000447628,13.266667996946826,
eval_agent,954,21,106.10725909587394,5.0527266236130455,10.510535641363504,53.50500923555348,40.41653130980381,
eval_agent,955,21,-2.338950333778681,-0.11137858732279432,7.267515327161512,41.393837399100114,18.27776865936792,
eval_agent,956,21,92.24642600072596,4.392686952415522,7.514210803879978,69.17506237195241,8.89054399799208,
eval_agent,957,21,135.33181487019306,6.44437213667586,11.214497435795403,55.32083108933069,46.98231410185712,
eval_agent,958,21,145.27472469945883,6.917844033307563,14.446234237892803,48.44222245387548,47.644074358495594,
eval_agent,959,21,-12.184623427893055,-0.5802201632330026,4.55339391154677,34.510226651603176,10.307315285253514,
eval_agent,960,21,0.7980519814584631,0.03800247530754586,7.750575422425031,38.010024458601556,21.986411617465215,
eval_agent,961,21,-12.690259514571773,-0.6042980721224653,5.042318514771793,37.74794907957158,12.826355829563198,
eval_agent,962,21,108.80646702680266,5.18126033460965,14.389105217209458,59.918311075810614,24.671442121005807,
eval_agent,963,21,114.08463379341678,5.432601609210323,12.198659010748857,54.74684065810293,41.110214728010774,
eval_agent,964,21,132.20790892331473,6.295614710634035,11.638822984127543,51.343676977598086,44.854303421871194,
eval_agent,965,21,53.45280619861142,2.5453717237434006,9.330161544344273,49.88392515714179,32.266127214676466,
eval_agent,966,21,111.26046692059448,5.2981174724092615,10.520863524979783,48.58087160933193,44.2145275040433,
eval_agent,967,21,119.36247626989127,5.683927441423394,11.349779397212348,47.12782886141744,50.49666722934866,
eval_agent,968,21,35.7828923903943,1.703947256685443,8.058592014739219,51.787080632389205,23.575779208508333,
eval_agent,969,21,19.692224879465765,0.9377249942602746,6.320745024118503,45.18147289659283,10.2837176225569,
eval_agent,970,21,73.41090363736062,3.4957573160647915,8.279241522360428,45.40782274367352,39.56828974170152,
eval_agent,971,21,38.15995787359827,1.8171408511237275,5.434674797495263,43.75085572025392,5.706853334915381,
eval_agent,972,21,109.47973437796473,5.213320684664987,11.967321475229623,62.641048558631226,21.44084172708842,
eval_agent,973,21,99.06077219246342,4.717179628212543,11.705276846059535,49.92732981454734,41.74368890416028,
eval_agent,974,21,29.096993060994773,1.3855710981426084,6.769855457268206,41.59458441652268,7.983190315999096,
eval_agent,975,21,32.72299413955833,1.5582378161694446,3.8274703290489778,30.893248510633175,2.9752676492851045,
eval_agent,976,21,16.09188215971284,0.7662801028434684,4.743313204733313,51.629144651077084,12.432779830965945,
eval_agent,977,21,23.536352317482823,1.1207786817848964,7.860938564197331,47.50787390601843,14.045573364049451,
eval_agent,978,21,71.9266503155986,3.425078586457076,8.035552189705411,54.46543176803021,17.462127687587895,
eval_agent,979,21,36.065405609782914,1.71740026713252,10.546354711547261,44.147935484228185,22.426095820492883,
eval_agent,980,21,23.137577477218755,1.1017894036770834,4.49167606937004,35.03039277992888,5.8927986630444344,
eval_agent,981,21,28.593231296821894,1.3615824427058048,8.113848503925272,50.2823183783366,20.729350049951528,
eval_agent,982,21,55.98726033335307,2.666060015873956,6.672675853132477,53.45150328538417,7.637993210359424,
eval_agent,983,21,48.55748128466384,2.3122610135554207,6.497750708172436,46.46250286128205,5.0450177067342095,
eval_agent,984,21,68.06286720777341,3.241088914655876,6.2697564579703275,60.43316752087158,8.099611285038684,
eval_agent,985,21,94.77234151765045,4.51296864369764,11.322103095355642,57.945465363092964,8.815317092859624,
eval_agent,986,21,98.0082382219496,4.667058962949981,11.373706207937238,47.75454201863899,45.49973401727955,
eval_agent,987,21,62.02154182843893,2.9534067537351874,7.0283424049876535,44.264626290463376,5.172483617226724,
eval_agent,988,21,25.579565460542305,1.2180745457401099,5.942325044423125,39.52241024087438,8.505412994973566,
eval_agent,989,21,133.60759776522062,6.3622665602486,11.6181628105978,57.32128344277839,47.163122776888926,
eval_agent,990,21,41.98147095609205,1.999117664575812,3.362077783227615,30.615344077740147,2.5032184211706596,
eval_agent,991,21,115.38217728934212,5.494389394730577,11.433784417004556,51.53399028016151,45.40319181603628,
eval_agent,992,21,121.72215585828874,5.796293136108988,13.865981951534822,45.14350794450645,48.516260912789946,
eval_agent,993,21,73.2895445076024,3.4899783098858284,9.759540502565237,53.49609539739964,30.420556270151643,
eval_agent,994,21,150.02526563929663,7.144060268537935,14.124498751943198,50.7327526800541,47.90180033879618,
eval_agent,995,21,93.20253045592182,4.438215735996277,8.31702916970692,53.02873036143722,38.756584632516024,
eval_agent,996,21,147.3168592588509,7.0150885361357584,13.467502538809017,59.771320689158344,43.05143238494332,
eval_agent,997,21,45.548957901402524,2.168997995304882,4.976930439958156,31.668519445910746,2.880146366630601,
eval_agent,998,21,16.764738000288173,0.7983208571565797,4.686178719255252,37.33402101866466,6.563282736626208,
eval_agent,999,21,22.483517160533676,1.0706436743111274,5.839094276266908,50.837239687410985,9.303068589500237,
eval_agent,1000,21,80.28600397428721,3.8231430463946294,13.40051173913755,56.18402369337583,12.859738289504701,
eval_agent,1001,21,142.51241990718597,6.7863057098659985,11.299694909517058,49.26240505086744,45.59936130908618,
eval_agent,1002,21,71.33318606533597,3.3968183840636175,8.05660128978729,64.54536138734335,8.434757657449735,
eval_agent,1003,21,70.71027232611073,3.3671558250528917,10.430242786389593,51.80214526560616,5.892673683426716,
eval_agent,1004,21,149.3601845432177,7.112389740153224,11.859668952260266,60.74316097319457,47.10899973540617,
eval_agent,1005,21,46.538699871277736,2.2161285652989395,5.783634508613444,47.60461002609844,21.392580759662597,
eval_agent,1006,21,75.69652716283304,3.6045965315634776,10.56624302357898,52.407510060961314,31.02871229025967,
eval_agent,1007,21,51.86136913806196,2.469589006574379,11.08805003400149,56.77674727977282,23.83718100826803,
eval_agent,1008,21,33.82286677882745,1.6106127037536881,7.822408232535724,38.181143324326726,6.632447295057537,
eval_agent,1009,21,88.78579319283484,4.227894913944517,9.36705879307183,50.72449912850553,3.715847678198921,
eval_agent,1010,21,137.9753935164247,6.570256834115462,10.556382693285371,74.96777631643806,9.99429371150417,
eval_agent,1011,21,18.7432382185664,0.8925351532650666,4.709256261869549,42.59211697417834,7.413329949618193,
eval_agent,1012,21,87.55541210441687,4.169305338305566,12.014079477889439,49.26366545896962,36.24633471408258,
eval_agent,1013,21,78.47394735764397,3.736854636078284,10.0332770627619,44.17970068472969,3.7954549851725354,
eval_agent,1014,21,94.3235429964063,4.491597285543158,10.104287697490541,49.78061350130944,43.25277902768317,
eval_agent,1015,21,161.49422551819916,7.690201215152342,14.798346037532765,60.013657049725595,42.720516609007376,
eval_agent,1016,21,151.43708148915715,7.2112895947217694,11.352509212976212,65.51754166027578,39.285852612570125,
eval_agent,1017,21,71.15836661273016,3.388493648225246,11.367320084534926,50.69462637429723,25.152625050938017,
eval_agent,1018,21,3.9484508619928484,0.18802146961870708,7.118890853845303,44.76099436977299,12.532565155764948,
eval_agent,1019,21,83.45196123163201,3.9739029157920003,10.012548569577326,48.215090499955764,40.94709384090455,
eval_agent,1020,21,130.772434818519,6.227258800881857,12.622330005061457,59.94679823571173,43.92938224708057,
eval_agent,1021,21,68.94614766164801,3.283149888649906,8.119102213967626,46.577197639573555,38.19411435237416,
eval_agent,1022,21,-9.75667333588104,-0.46460349218481134,3.9834282578382516,36.93600655378309,8.283167987190001,
eval_agent,1023,21,150.22904613462475,7.153764101648798,12.26759676490409,60.620388674632245,39.35334328265995,
eval_agent,1024,21,35.01400063687354,1.6673333636606449,5.2282311858078065,47.83351853015473,8.175781908041577,
eval_agent,1025,21,110.20523633512244,5.247868396910593,13.587991159707089,58.58070662423692,26.779696581143263,
eval_agent,1026,21,100.50859702641006,4.786123667924288,10.772316174414263,50.04980162103148,41.592125713648066,
eval_agent,1027,21,115.47186607439546,5.498660289256926,10.843224391446233,59.637775809167366,36.14357825841969,
eval_agent,1028,21,69.90201873062918,3.32866755860139,10.298209584292014,60.212298225454035,32.788339506743945,
eval_agent,1029,21,61.5011431627926,2.928625864894886,9.210065404601222,60.343618165245594,26.160202241423793,
eval_agent,1030,21,1.7844724230798574,0.08497487728951701,5.337247334721383,45.39847484309753,15.50341534187972,
eval_agent,1031,21,92.2409853376306,4.392427873220504,13.669176725614909,60.012020650133735,8.022456630789884,
eval_agent,1032,21,7.667421283610509,0.36511529921954805,5.44963625091253,46.2702092875885,10.646019092469956,
eval_agent,1033,21,-6.750748316191635,-0.32146420553293503,3.6553646905350603,33.70094162239698,6.272556638824837,
eval_agent,1034,21,55.3307200651692,2.634796193579486,8.75917834866571,53.50782933941353,11.640701491313742,
eval_agent,1035,21,36.540866100673945,1.7400412428892356,9.01729610407228,54.621947934020476,17.02714469788937,
eval_agent,1036,21,18.24184612196177,0.8686593391410367,4.482531995994113,32.24549295327182,5.293303043426195,
eval_agent,1037,21,45.97725883080856,2.1893932776575507,8.874628314321535,53.74877276861171,25.400058806788945,
eval_agent,1038,21,146.66268288770334,6.983937280366825,9.378232605044102,69.02673735867278,6.411168791576337,
eval_agent,1039,21,44.40176372934496,2.114369701397379,8.967794388121787,52.532539510096704,23.783379331905575,
eval_agent,1040,21,41.07314683293574,1.9558641349017019,7.462807176587504,53.195352208647336,8.811839116565519,
eval_agent,1041,21,153.8689217116346,7.327091510077839,12.933482679550993,56.316192692155326,48.60192357502575,
eval_agent,1042,21,96.52416693991678,4.596388901900799,11.576827228943163,55.69174852408429,27.10213307104225,
eval_agent,1043,21,48.433533931910596,2.3063587586624092,4.967838079774813,39.41458149300183,4.397337158836934,
eval_agent,1044,21,150.452240492083,7.164392404384906,12.646227992477932,46.40692992145577,47.141545292767134,
eval_agent,1045,21,-2.376345552582608,-0.11315931202774321,4.187134740486503,42.34921974917913,11.799832065298295,
eval_agent,1046,21,80.5407883731811,3.835275636818148,7.045444163823643,50.15772592419754,4.1109092724008995,
eval_agent,1047,21,42.01353428080852,2.0006444895623106,7.5669838938652445,40.86495200300862,19.092255854428753,
eval_agent,1048,21,86.84828151013473,4.1356324528635575,11.395160754179381,49.78772068360801,34.2357111513727,
eval_agent,1049,21,35.811364191963044,1.7053030567601446,9.413082753249245,52.09746748016421,21.147312911453373,
eval_agent,1050,21,149.34555348401378,7.111693023048275,14.634164202211851,59.79097377495732,42.698352950212055,
eval_agent,1051,21,78.18872695359664,3.723272712076031,7.3605727726905785,48.752254451820974,4.905301636161225,
eval_agent,1052,21,30.272084643689134,1.441527840175673,5.922808914621371,38.99040332134669,5.46688165641811,
eval_agent,1053,21,119.96237329282263,5.712493966324888,11.15597317932306,51.35958947612129,25.885836876832784,
eval_agent,1054,21,167.34868607389217,7.968985051137722,11.157406766343634,63.44372368632432,47.14543006622388,
eval_agent,1055,21,82.23062793575502,3.9157441874169057,11.939624775705079,52.398145475297326,25.29101456857533,
eval_agent,1056,21,95.08036456642074,4.527636407924797,9.113588956627442,52.319847875412634,12.742658543586408,
eval_agent,1057,21,40.52685186259783,1.929850088695135,6.009124570426009,47.511992208455936,8.671618306592919,
eval_agent,1058,21,44.48552698039504,2.118358427637859,7.833694711231762,41.85095227644539,8.504650224160539,
eval_agent,1059,21,42.79024524561484,2.037630725981659,7.6336594203478585,49.168444595248715,7.8177497472081985,
eval_agent,1060,21,115.13262371893858,5.482505891378028,9.092144434766317,57.646948539011134,5.2556690573028755,
eval_agent,1061,21,74.74345607199139,3.5592121939043517,12.670088266514268,51.1729477457573,25.493362540905284,
eval_agent,1062,21,72.37138642343885,3.4462564963542306,10.474844065607394,56.83705202756895,20.357206247652424,
eval_agent,1063,21,79.67340584009214,3.7939717066710545,5.418974830228771,41.20376105863664,2.1519638472388607,
eval_agent,1064,21,72.34359348537491,3.4449330231130917,9.162612466476384,55.29083943138327,13.956385742660101,
eval_agent,1065,21,95.76986657764952,4.560469837030929,14.023399063706716,62.89248709808364,18.078782953547694,
eval_agent,1066,21,105.80384501817412,5.038278334198767,9.426033741181824,52.17528150616624,44.39329777061477,
eval_agent,1067,21,-12.657243768672231,-0.6027258937462967,3.6049447233549916,37.468226757769585,8.906813032764525,
eval_agent,1068,21,95.6393329266514,4.554253948888162,11.715654755819775,52.08803692454843,35.515047554156105,
eval_agent,1069,21,15.42851546900745,0.7346912128098786,5.204574582429261,56.15748185939554,20.358211399949596,
eval_agent,1070,21,7.595648051774995,0.3616975262749997,5.202667096770225,39.312145950958424,7.6622219311503095,
eval_agent,1071,21,128.3555031217969,6.112166815323662,17.1464996474347,55.39019606365924,33.89894126755755,
eval_agent,1072,21,91.04556117457805,4.335502913075145,8.32844677130596,65.67491652627291,14.256878606096919,
eval_agent,1073,21,104.59962274439155,4.980934416399598,10.700778969397145,50.81225759080622,40.777608063695006,
eval_agent,1074,21,73.13685933049366,3.482707587166365,5.838119456306073,65.69481887361833,7.314352107907021,
eval_agent,1075,21,3.733622812565399,0.17779156250311426,5.8819945149905895,43.167342802216794,9.928717454288588,
eval_agent,1076,21,20.48888474992899,0.9756611785680471,5.783286364443359,46.22119075422066,9.218393869498636,
eval_agent,1077,21,79.56610883614783,3.7888623255308493,9.767433277092419,59.352987069499896,26.85013353205913,
eval_agent,1078,21,61.53442420964824,2.9302106766499163,7.354587297420563,43.24301171534004,23.440715065593416,
eval_agent,1079,21,81.9055856157683,3.9002659817032526,5.245296225063438,45.51929290772,2.877442194267805,
eval_agent,1080,21,126.17702691497165,6.0084298530938876,13.38951233142198,60.591514886565335,39.16576606547215,
eval_agent,1081,21,78.93728696724132,3.7589184270114915,5.086018207598267,57.225547161358584,6.470398438407695,
eval_agent,1082,21,18.50863100132448,0.8813633810154514,4.4705144381021205,38.424562555168734,6.800384610932759,
eval_agent,1083,21,78.67777188999585,3.7465605661902788,9.02983380037284,57.61800928174892,6.1616316219496845,
eval_agent,1084,21,53.331580697541014,2.5395990808352864,5.553091316543284,59.80630625762373,27.590464741581783,
eval_agent,1085,21,50.88276255406208,2.4229886930505753,3.7969784986668547,30.87292726427639,1.782469947665777,
eval_agent,1086,21,48.75382641783169,2.321610781801509,10.36843016143577,52.409599055736116,20.94212242918945,
eval_agent,1087,21,55.841822671465835,2.659134412926945,8.076619512660264,50.40774692331065,33.23995227944828,
eval_agent,1088,21,72.94480811270196,3.4735622910810457,6.098510973313295,48.47593405672092,4.853802958856348,
eval_agent,1089,21,177.76327796708168,8.46491799843246,12.045391851606011,66.50744138329733,43.33087868652487,
eval_agent,1090,21,109.22155229522862,5.201026299772791,12.325481938824018,59.947965967025645,30.57584539789917,
eval_agent,1091,21,76.03343690633268,3.6206398526825088,11.637588159902005,58.74525084770152,13.334461997838416,
eval_agent,1092,21,125.71977109443833,5.986655766401825,13.95260335475944,49.73098205627388,40.38607668184153,
eval_agent,1093,21,38.872557660913216,1.8510741743292005,3.735148458262222,29.932928762401588,3.506694836858765,
eval_agent,1094,21,-0.05928782769211437,-0.002823229890100684,5.061994600917394,42.40839853716747,9.522033172667015,
eval_agent,1095,21,95.91125813637059,4.5672027683986,13.925408370563606,67.1050571765449,14.647168952177553,
eval_agent,1096,21,115.63795134910966,5.506569111862365,10.695496723792857,49.86063994976684,44.539495135003804,
eval_agent,1097,21,113.43247827598805,5.401546584570859,11.10716792302632,46.24683304655137,48.33484307743218,
eval_agent,1098,21,-18.015899522791166,-0.8578999772757697,4.560798705656863,38.489136442737056,13.103183937534729,
eval_agent,1099,21,85.11375069736339,4.053035747493495,10.594894340049153,47.157094619935265,41.02820590990603,
eval_agent,1100,21,109.31093895229456,5.2052828072521224,13.608561976442404,49.067195118516025,25.28482897626905,
eval_agent,1101,21,45.26897905735717,2.1556656693979606,4.7030406801985745,44.53859273647419,5.377666440175505,
eval_agent,1102,21,22.488091652161053,1.0708615072457643,6.65513967669923,51.2905186558275,11.934838854263361,
eval_agent,1103,21,58.76133403294101,2.7981587634733813,7.154034675930862,60.446109986029654,10.340179716539655,
eval_agent,1104,21,118.6094576648162,5.648069412610296,11.62796974008456,50.832711501402024,47.52891020725171,
eval_agent,1105,21,90.01629820288075,4.286490390613369,10.288783955176783,67.64478125607893,10.455568293569561,
eval_agent,1106,21,99.16470459237429,4.722128790113061,10.547597908127615,53.790609843191284,40.387018795850615,
eval_agent,1107,21,85.61568089932737,4.076937185682255,9.780095558585801,48.523772823085764,37.763676126136154,
eval_agent,1108,21,107.40812929887409,5.114672823755909,9.90658205236192,48.05850170175888,43.52048054051051,
eval_agent,1109,21,38.78588081519578,1.8469467054855133,5.102699418454016,38.81761352976614,4.495274034881197,
eval_agent,1110,21,84.88576303639212,4.042179192209148,10.886075621115415,46.29271376773642,41.21188521890672,
eval_agent,1111,21,126.11981489009418,6.005705470956865,11.451757835601455,50.48496999108354,46.706585441967036,
eval_agent,1112,21,115.63813481579008,5.506577848370956,10.754855461022334,60.2206642096872,35.90603142477878,
eval_agent,1113,21,99.97305010015401,4.760621433340667,11.308284170350234,52.868048031105104,40.46361885762413,
eval_agent,1114,21,0.9752471355061482,0.046440339786007055,5.634255501452473,43.42439623489643,9.069063164392686,
eval_agent,1115,21,34.073310620125135,1.6225386009583398,6.586108043820226,49.22656295112142,25.818561145175295,
eval_agent,1116,21,82.84535927329308,3.9450171082520518,5.30763148387816,50.40042607205777,4.0198102929069925,
eval_agent,1117,21,120.2301791676223,5.725246627029634,11.63876235633381,51.13774697033719,44.49602480401072,
eval_agent,1118,21,45.39077133894347,2.1614653018544514,6.618657463189308,52.97209258727957,15.049561743950642,
eval_agent,1119,21,112.547578009799,5.359408476657095,9.969747777093351,59.06122752536964,5.402364663721682,
eval_agent,1120,21,117.0013197980624,5.571491418955352,13.189172612651127,54.65211916438155,36.33385941335864,
eval_agent,1121,21,62.223076543985776,2.9630036449517037,6.514621606088875,58.64177587567908,7.6807628629798055,
eval_agent,1122,21,29.963236650148453,1.426820792864212,5.0481062087525705,41.50806898741353,6.028273050303801,
eval_agent,1123,21,99.56239129923378,4.741066252344465,11.97727317985194,51.80397693267059,20.96109385180102,
eval_agent,1124,21,41.954474386185666,1.9978321136278887,4.574389073432196,48.550381045392825,6.14093859647042,
eval_agent,1125,21,6.952500779195295,0.3310714656759664,5.634543549561628,33.45955456332164,6.901466692719593,
eval_agent,1126,21,14.845789813289283,0.7069423720613944,6.398866574458006,40.27539726193147,8.449207031980306,
eval_agent,1127,21,47.98009427972514,2.2847663942726255,5.512459138669591,36.495726836711235,3.4882537081649554,
eval_agent,1128,21,20.961718200604945,0.998177057171664,5.173326409879692,40.04325773509151,7.789348230318281,
eval_agent,1129,21,93.84936620171464,4.469017438176888,11.108802825282133,53.504689374781094,35.24092425641313,
eval_agent,1130,21,117.9659605301097,5.617426691909985,11.143198939019918,49.60804792155285,47.60961850570058,
eval_agent,1131,21,-2.1659406502128986,-0.10314003096251899,4.042506545264229,36.114411203180836,7.663103215920873,
eval_agent,1132,21,93.74873301903446,4.464225381858784,6.871005790942516,66.65102055476153,6.8761206421513785,
eval_agent,1133,21,9.824810865105043,0.4678481364335734,5.707553722571049,42.074234381990166,18.86260704165574,
eval_agent,1134,21,134.5932116003786,6.409200552398981,11.333844958544896,68.03635344617048,5.818222364333329,
eval_agent,1135,21,52.52839209823498,2.5013520046778566,11.563503008678019,57.064274776672626,11.602683177936603,
eval_agent,1136,21,49.39029477101533,2.3519187986197774,8.944951356601353,43.540592239778036,34.70726035528691,
eval_agent,1137,21,61.16105277037338,2.9124310843034946,8.587258083576298,56.360676345186114,25.52973604080411,
eval_agent,1138,21,-14.742835723396851,-0.702039796352231,4.144857223562403,33.56794563087086,9.374623740912066,
eval_agent,1139,21,215.6051404217521,10.266911448654863,19.089525050396798,62.83718130385193,19.57859542829369,
eval_agent,1140,21,21.313344342649348,1.0149211591737786,4.955752849602442,43.18404676436626,7.754773888381697,
eval_agent,1141,21,6.554329779091728,0.3121109418615109,5.868778833254088,38.42805029030688,10.422515519167286,
eval_agent,1142,21,65.03984651654929,3.0971355484071093,8.159421561217508,59.17549407583586,14.262927780087118,
eval_agent,1143,21,24.087537888445844,1.1470256137355164,5.39652633786156,35.406703671708165,5.197852001706567,
eval_agent,1144,21,100.71212801400138,4.795815619714351,6.640932516918935,53.851677787995136,3.4640241206334075,
eval_agent,1145,21,142.0679258877509,6.765139327988138,6.386032503417697,64.40170752530632,2.6927635482455923,
eval_agent,1146,21,118.00156825762912,5.619122297982339,12.803923704540333,48.85587654042767,42.91351112828635,
eval_agent,1147,21,133.08667049451904,6.337460499739002,8.326043085565722,73.82244816355453,6.720732254815396,
eval_agent,1148,21,146.53386345445895,6.977803021640902,13.325840967791528,71.00652669155335,16.886753175209872,
eval_agent,1149,21,109.75236362739025,5.2263030298757265,18.109515732225592,38.293697242883994,18.197409238076215,
eval_agent,1150,21,8.874369129251162,0.42258900615481726,4.535476738197658,42.16712587601216,7.283357941918401,
eval_agent,1151,21,93.08411722106902,4.432577010527097,12.97550336824889,45.160079244919956,26.986450029952177,
eval_agent,1152,21,121.32021412306455,5.777153053479265,12.205907752469484,51.371757919075506,43.69501247864066,
eval_agent,1153,21,31.92125319224416,1.5200596758211504,6.203835729425211,47.004516655435395,7.78523624633363,
eval_agent,1154,21,63.766942093245135,3.036521052059292,7.186400172663617,57.43290330781016,23.98667895336061,
eval_agent,1155,21,59.85004566102049,2.8500021743343087,4.9313059937295485,36.21903703925386,2.61873863212762,
eval_agent,1156,21,159.44727254629294,7.592727264109187,17.421178144377016,59.21844544348752,30.627809215132427,
eval_agent,1157,21,70.39748801954556,3.3522613342640746,8.480024229761213,58.638790341242924,9.392154553965353,
eval_agent,1158,21,119.8669243279474,5.707948777521305,11.686195790629103,50.04194740719317,49.93580848762449,
eval_agent,1159,21,127.5637004022311,6.0744619239157664,10.081441173971,63.52733778143521,7.563914526548796,
eval_agent,1160,21,12.360924428442363,0.5886154489734459,10.610003415481149,39.08681792300872,18.431614640164256,
eval_agent,1161,21,110.4245720039096,5.258312952567124,10.693256774993184,60.67770800988585,35.92505722784036,
eval_agent,1162,21,89.66800408097019,4.269904956236676,9.00556441261479,47.85182593490833,41.668874223343494,
eval_agent,1163,21,124.09387386115557,5.909232088626455,13.180580940584953,53.304274447614446,39.58838718245005,
eval_agent,1164,21,87.84232205504708,4.182967716907004,9.695613619424556,54.8273049569754,36.231022642645584,
eval_agent,1165,21,99.50841631193818,4.738496014854199,11.156582381490752,52.36757714812595,41.35544954261929,
eval_agent,1166,21,108.51406088881117,5.167336232800532,10.875862931170705,53.736335098916186,38.437429381727696,
eval_agent,1167,21,62.70718119526055,2.98605624739336,7.2589424200363,43.740924346123634,5.987885144995039,
eval_agent,1168,21,7.310802712265654,0.34813346248884064,4.593628742352328,36.972492184093404,8.750014126974824,
eval_agent,1169,21,34.29972412760598,1.6333201965526654,8.376143306408906,43.931316048443726,14.568187171141702,
eval_agent,1170,21,43.784148733046806,2.084959463478419,8.944902341568358,42.7411985916192,26.620984998125646,
eval_agent,1171,21,112.26973856714586,5.346178027006946,11.36119823310914,52.70516816365772,38.619531474314506,
eval_agent,1172,21,110.3883346142294,5.256587362582352,10.697263422600232,48.084089523384066,48.53797162494343,
eval_agent,1173,21,52.02196818403908,2.4772365801923373,9.406294861263062,46.877613278483885,13.034996732883224,
eval_agent,1174,21,109.61748895188319,5.2198804262801515,8.581800251200951,57.17219524797223,41.20763322895712,
eval_agent,1175,21,22.47717697021567,1.0703417604864605,6.279672459683225,42.03406354822221,7.3113118665317485,
eval_agent,1176,21,131.98624779690954,6.285059418900453,16.97354532890097,51.07688134523014,33.359549341454986,
eval_agent,1177,21,122.46700010770425,5.831761909890678,12.72495204485926,49.70569487170469,39.83149345205471,
eval_agent,1178,21,111.64623720729293,5.316487486061567,11.1059357530699,53.02790989312653,45.36854524564863,
eval_agent,1179,21,21.65291455305484,1.0310911691930875,7.642628961096338,40.513511888199304,11.457230208921668,
eval_agent,1180,21,33.7722705353592,1.6082033588266287,5.6133391159256165,36.443270715193954,5.945388014779797,
eval_agent,1181,21,148.32382819927156,7.063039438060551,16.051385319918047,62.37955949704744,12.440312250185707,
eval_agent,1182,21,43.052876147516436,2.0501369594055445,7.621857906001196,53.442145638028684,20.113732461188537,
eval_agent,1183,21,66.86218407652657,3.1839135274536465,6.023624686521389,33.65878552249116,2.2461731489827246,
eval_agent,1184,21,19.63102954105349,0.9348109305263567,4.994194474418314,31.772141549869733,5.905362659114573,
eval_agent,1185,21,30.467278482336145,1.4508227848731499,4.808739063916713,37.79202544250012,5.139748853989423,
eval_agent,1186,21,76.84642816152726,3.6593537219774888,9.403135279443061,53.655533619693436,34.106005291810725,
eval_agent,1187,21,68.50275842172363,3.2620361153201727,6.281173865060113,53.324824236701055,7.111082738822474,
eval_agent,1188,21,95.63826008222225,4.554202861058202,10.747580529535094,45.014912177590354,46.70261977243969,
eval_agent,1189,21,45.98502804580485,2.1897632402764216,5.807079156502932,46.36586273104828,7.640545681885271,
eval_agent,1190,21,95.00069443535357,4.523842592159694,9.799845589806116,57.01841461916305,39.13452799463149,
eval_agent,1191,21,117.71607639494691,5.6055274473784245,12.481019830194894,51.06944987404109,43.9790135337702,
eval_agent,1192,21,91.05249787295686,4.335833232045565,10.34902940092163,48.88926798936262,44.07196701227541,
eval_agent,1193,21,29.40883737055591,1.4004208271693293,5.480216345748096,38.81967028173061,6.235135249519524,
eval_agent,1194,21,136.73649804007178,6.511261811431991,12.670668414111791,48.16636632999858,48.60582783667015,
eval_agent,1195,21,78.46358920675199,3.7363613907977142,11.139433759641344,47.947555460900546,38.01291817605245,
eval_agent,1196,21,99.07113640218729,4.717673162008919,11.557257068653737,69.44949124885,17.717567213101788,
eval_agent,1197,21,107.58646257520103,5.123164884533382,9.999537959118873,52.936351361445816,42.07974238917551,
eval_agent,1198,21,69.87201226205364,3.3272386791454123,8.091520495240676,59.4625087617488,10.593271650099487,
eval_agent,1199,21,49.28138890063781,2.3467328047922766,8.307399303705942,59.9284718886668,11.690701052012402,
eval_agent,1200,21,30.734601643198346,1.4635524591999212,7.534723283202294,47.45159957606369,18.862012958823517,
eval_agent,1201,21,36.133431413761635,1.7206395911315064,6.796916558148661,55.84197863550059,25.946844800334226,
eval_agent,1202,21,32.11034350053041,1.529063976215734,7.429772043779174,48.241748988587645,21.422969335409647,
eval_agent,1203,21,95.65422638714877,4.554963161292798,10.570877969796728,63.14705492879452,13.264739761911661,
eval_agent,1204,21,38.986161754862096,1.8564838930886713,6.046385681269823,58.00545857344612,17.02504298791956,
eval_agent,1205,21,53.667611305465485,2.5556005383554994,7.95343824481111,36.40036887360588,2.710621335039847,
eval_agent,1206,21,71.44050471796677,3.401928796093656,8.11261739545813,45.706442857734196,40.03026520438544,
eval_agent,1207,21,160.5704469871647,7.646211761293558,12.380934174815438,68.07783434370536,39.90685042189476,
eval_agent,1208,21,57.69949209257145,2.7475948615510215,6.954439633789225,47.357387787167184,5.351059533819049,
eval_agent,1209,21,113.35092454850684,5.39766307373842,10.278205279404366,57.08593311697165,42.8305084943973,
eval_agent,1210,21,110.6849860335944,5.270713620647353,11.877419285887589,49.15747823844076,40.28622797481287,
eval_agent,1211,21,48.33025540415177,2.3014407335310367,4.669033122821988,36.58317455405331,3.7264016710232992,
eval_agent,1212,21,135.26513178757364,6.441196751789221,12.769895268529503,50.73901552552458,46.71114142466839,
eval_agent,1213,21,167.90450041098748,7.995452400523214,16.647900430840146,62.37352316733772,29.94183605274258,
eval_agent,1214,21,20.549485125258908,0.9785469107266146,4.301059696228006,30.69451331216471,4.5029846376536025,
eval_agent,1215,21,-29.589829553235475,-1.4090395025350226,2.948744154686374,35.4606228116525,10.580489094888431,
eval_agent,1216,21,46.58929264849431,2.2185377451663957,4.066340309611241,36.65401405075763,3.320198909999024,
eval_agent,1217,21,28.021349981592085,1.3343499991234327,6.967214083776316,38.99187776018512,4.999120083662789,
eval_agent,1218,21,98.70342461409385,4.700163076861611,8.477720815446062,59.89565596119958,7.273118330068632,
eval_agent,1219,21,117.19388887393464,5.580661374949269,8.502835511025928,60.08347789686668,23.171999696320654,
eval_agent,1220,21,97.09777462787113,4.6237035537081494,12.60763497813821,52.96828189875243,36.18072556001026,
eval_agent,1221,21,18.976810310659314,0.9036576338409197,6.780651926869504,41.66860922755763,9.513491701276573,
eval_agent,1222,21,41.285284226786786,1.9659659155612754,5.390743461186891,35.27389292141432,5.207777487495285,
eval_agent,1223,21,83.92077785867866,3.9962275170799364,11.270581269582493,45.93412627001335,14.776834319911194,
eval_agent,1224,21,43.797506277699334,2.0855955370333015,7.568569504962257,46.15775578243979,7.346654313427453,
eval_agent,1225,21,30.86107798197459,1.4695751419987901,5.093775504213936,57.675305459436274,22.65316997399187,
eval_agent,1226,21,109.80982314498664,5.229039197380316,10.357105504567725,51.71752666618438,42.240550330381154,
eval_agent,1227,21,91.51057576092116,4.357646464805769,7.749126112102673,56.525071200010196,4.907810700704668,
eval_agent,1228,21,95.69924266370104,4.557106793509574,11.634164126192909,62.67716480493953,18.66401798320991,
eval_agent,1229,21,40.60828384088975,1.933727801947131,4.2682594010919805,35.09113652821366,4.116182349249507,
eval_agent,1230,21,119.24590322051924,5.678376343834249,12.709859174388285,57.5856260127283,27.92850301666302,
eval_agent,1231,21,1.4887199601464127,0.0708914266736387,3.925702020385051,29.342519533242726,6.5208061462718865,
eval_agent,1232,21,89.49350273595685,4.261595368378898,9.88099619944704,58.209862931820766,6.925679899104517,
eval_agent,1233,21,109.05638001626909,5.193160953155671,13.577848279250885,49.26811674080117,16.505873276902175,
eval_agent,1234,21,4.344208258140813,0.20686705991146728,3.341161352198387,36.938102434600616,6.778027597168097,
eval_agent,1235,21,128.6482967341945,6.126109368294975,11.79339821116643,50.24173543461889,40.11144309014119,
eval_agent,1236,21,154.10563741292387,7.338363686329708,16.17173223355282,59.699432945630605,26.04300834776821,
eval_agent,1237,21,112.0241984871516,5.334485642245314,10.951301183927551,55.46781846393586,39.8499831615094,
eval_agent,1238,21,33.70328385751425,1.60491827892925,8.231153010296627,49.13653161538646,17.651192376857047,
eval_agent,1239,21,96.2263487320059,4.582207082476471,10.640519465519706,47.610723110875504,45.48953954288745,
eval_agent,1240,21,-5.334690480943897,-0.2540328800449475,4.596017883902406,44.81299851524791,9.82236179698549,
eval_agent,1241,21,109.91639554315509,5.234114073483576,10.54800928302505,44.704053828766895,49.434486335573546,
eval_agent,1242,21,117.00477375999407,5.571655893333051,12.794467627953678,59.406699983385444,30.69149865977952,
eval_agent,1243,21,127.60665160623591,6.076507219344567,10.984408541491112,57.030563778025545,43.12162902236596,
eval_agent,1244,21,171.06997125377708,8.146189107322718,12.671169958349838,66.7878975105577,5.169869315557771,
eval_agent,1245,21,83.75599167629957,3.9883805560142656,7.3785077100609575,61.67438245131297,6.783441921455832,
eval_agent,1246,21,127.88770481456348,6.089890705455404,11.570119094051668,61.210210905851305,4.355449161859963,
eval_agent,1247,21,97.52957999389179,4.644265713994847,9.454143257084837,58.077920496344895,35.48105306446452,
eval_agent,1248,21,92.64144987503269,4.4114976130967944,13.035328511421925,47.81378865655595,41.236365250744235,
eval_agent,1249,21,55.580393199278916,2.6466853904418532,8.877997556942846,56.2161036831061,7.261374203528514,
eval_agent,1250,21,112.21106464498936,5.3433840307137785,9.752654349997458,47.5673257969876,3.5537716052475186,
eval_agent,1251,21,87.71956554156883,4.177122168646135,8.23337457447096,52.35389393766814,39.6468749017589,
eval_agent,1252,21,93.46767995725506,4.450841902726431,12.12876080294911,56.79662633904694,22.119763905238802,
eval_agent,1253,21,102.97847484223463,4.903736897249268,8.527020601124583,64.68435057420278,7.522281408227433,
eval_agent,1254,21,110.91276416697278,5.281560198427275,10.208493531608916,55.46683344215367,40.8440445860093,
eval_agent,1255,21,108.4172056041546,5.162724076388314,10.049311661682182,50.75127740010643,45.64476516063604,
eval_agent,1256,21,38.71504506791883,1.8435735746628015,8.050546216080852,45.14587107093826,33.69973781928978,
eval_agent,1257,21,81.16032872776539,3.8647775584650184,7.923721106837068,52.04369738837702,14.986333539495321,
eval_agent,1258,21,172.17051629684062,8.198596014135267,21.506019392903806,52.30246415521005,27.53473335900142,
eval_agent,1259,21,-2.770192162684428,-0.1319139125087823,4.934488518549776,40.04338584638287,9.802059718520015,
eval_agent,1260,21,19.661425778548335,0.9362583704070635,6.826260625538202,49.40157465807523,27.874314003768742,
eval_agent,1261,21,98.95338719117187,4.71206605672247,11.087901046772267,46.62673277639017,42.38276953493792,
eval_agent,1262,21,115.68151274086905,5.508643463850908,11.076947093627837,52.606139755163284,43.79811667209597,
eval_agent,1263,21,26.53818790275051,1.26372323346431,5.729027386895417,44.330226630336504,10.225626329387516,
eval_agent,1264,21,59.86374807692029,2.8506546703295377,6.6231148035880745,51.878036346147745,35.34921030521778,
eval_agent,1265,21,119.65525776173274,5.697869417225369,10.641247493044135,54.98201672766939,48.127584698260485,
eval_agent,1266,21,37.1957107176493,1.771224319888062,6.708169572802589,52.302378895514245,7.943445696178662,
eval_agent,1267,21,107.20684017935163,5.105087627588173,12.80479183974849,52.386501600932505,37.16692546344083,
eval_agent,1268,21,53.422530388031994,2.543930018477714,18.256140690358972,32.37661481555253,21.0550663844572,
eval_agent,1269,21,65.03451964366964,3.0968818877937925,8.51078038474777,59.08820073327033,22.62634445976153,
eval_agent,1270,21,43.737076889607316,2.082717947124158,4.06502809331809,39.196253581880896,4.418058588442714,
eval_agent,1271,21,77.92232490451401,3.7105869002149525,5.346456701824928,49.511581184695295,4.571451927243938,
eval_agent,1272,21,103.34455694334962,4.921169378254743,10.13726327864427,49.339584659477055,4.843284555060494,
eval_agent,1273,21,112.19248935979007,5.342499493323337,12.245421044070621,47.89359100258481,48.28829801979296,
eval_agent,1274,21,38.87597357867815,1.8512368370799122,5.444259282618081,34.15756318000353,4.836262387019202,
eval_agent,1275,21,60.35726195867717,2.8741553313655794,9.143860214377709,54.774528235849886,11.144048392445262,
eval_agent,1276,21,36.322398035756144,1.7296380017026738,4.245926619549729,33.83724913153036,3.6830117407148064,
eval_agent,1277,21,43.98681934332796,2.094610444920379,7.230454752325029,53.25936048762954,9.21728072989655,
eval_agent,1278,21,83.3712716277224,3.9700605537010665,10.529344955147064,57.59697455581882,16.5825310469376,
eval_agent,1279,21,122.72723773826246,5.844154178012499,12.349009468472836,54.524326572782705,41.6798854679492,
eval_agent,1280,21,25.256296255328333,1.202680774063254,5.883434845472851,44.5465820719791,7.575543458707205,
eval_agent,1281,21,13.847461483753866,0.6594029277978032,5.653798572234469,40.32921150713548,8.462200012597885,
eval_agent,1282,21,30.545553096280646,1.4545501474419353,4.500464272849485,36.445171048777304,4.439114205640053,
eval_agent,1283,21,114.09222736969588,5.432963208080756,11.870898892555095,48.54999883601363,33.120493956219,
eval_agent,1284,21,105.28066628458349,5.013365061170642,9.773023023468042,57.91705859109487,36.68428482876647,
eval_agent,1285,21,122.22045772550054,5.820021796452407,11.083797200415264,54.71641417375641,47.93962545110914,
eval_agent,1286,21,140.17805173844272,6.675145320878224,11.975611485768255,49.52798933912104,46.53374643390844,
eval_agent,1287,21,142.95668187323176,6.807461041582465,19.567318835431706,53.287263052006416,17.117403111997557,
eval_agent,1288,21,21.090129609904807,1.0042918861859433,5.468702195994549,41.48504264932029,7.543422120753321,
eval_agent,1289,21,41.05881849429025,1.9551818330614406,6.485969351137662,53.94370411705373,8.80983935815834,
eval_agent,1290,21,37.317359185644456,1.7770171040783074,8.757782310514653,48.65679474740259,28.763330347559144,
eval_agent,1291,21,105.40979043321856,5.019513830153265,10.800334041630151,54.62850079651675,38.31131355706147,
eval_agent,1292,21,86.87542971223539,4.1369252243921615,11.232597779649055,53.57295533313211,34.48056377240582,
eval_agent,1293,21,96.03804828655426,4.573240394597821,10.270894041466935,48.29124102376939,44.60311611916664,
eval_agent,1294,21,135.5821223605712,6.45629154097958,11.985367153683685,45.562056356815,50.43344454516413,
eval_agent,1295,21,50.54797814886971,2.407046578517605,5.806085561469057,55.15989035221538,10.150403910896594,
eval_agent,1296,21,31.059264841366133,1.4790126114936255,3.9796434416879083,30.546107142766488,3.7733420709127494,
eval_agent,1297,21,168.77811066966544,8.037052889031688,12.739414421032913,63.65856265151327,44.7045723556457,
eval_agent,1298,21,-1.739815781747417,-0.0828483705594008,4.442928551856035,39.001854266856824,8.02747081857226,
eval_agent,1299,21,87.85962669031368,4.183791747157794,10.138489109293719,47.63641540718189,12.331379614176985,
eval_agent,1300,21,63.491553161973016,3.023407293427286,6.5491603458190175,34.12293209816734,2.467941148320992,
eval_agent,1301,21,28.419143871389764,1.3532925653042744,4.308845304088568,33.3694553723079,4.290841464042544,
eval_agent,1302,21,88.15520073954325,4.197866701883012,13.976097490767051,47.446932934384186,32.093013803414436,
eval_agent,1303,21,105.83197561186482,5.039617886279277,7.299042267116995,59.430370882265215,5.798366993707904,
eval_agent,1304,21,117.09932126225198,5.5761581553453325,10.997488214950184,63.74778160669541,10.20362312734656,
eval_agent,1305,21,289.51312547894463,13.786339308521173,16.030535803693226,85.51293304244062,36.58038612219887,
eval_agent,1306,21,101.85899276602636,4.850428226953636,10.408895773338061,47.3993326056829,48.348626185185154,
eval_agent,1307,21,33.72003902491167,1.605716144043413,6.342732076005216,54.38851626397929,10.66802124272838,
eval_agent,1308,21,91.57876782857015,4.360893706122388,9.910962443735501,48.50303292141343,42.84078052739646,
eval_agent,1309,21,46.35784556643104,2.2075164555443347,4.943077052478367,63.129077785506986,21.58581827931836,
eval_agent,1310,21,-13.149118123820816,-0.6261484820867056,5.523269676990748,42.88485875738699,14.775681250896138,
eval_agent,1311,21,47.453522231880314,2.2596915348514437,4.532352701086176,48.96395211726542,6.215025467373024,
eval_agent,1312,21,133.11122614030958,6.338629816205219,11.329142469241102,50.583460649628805,48.332836186040204,
eval_agent,1313,21,170.58685790316548,8.123183709674548,11.198496120531008,72.1404845454625,3.807579844962455,
eval_agent,1314,21,30.041834333953446,1.4305635397120688,7.680121895147528,41.953241133517714,19.84528177686712,
eval_agent,1315,21,39.98311140673914,1.9039576860351972,4.706000754682924,53.81975061179901,8.376923741661631,
eval_agent,1316,21,123.54569636047769,5.883128398117985,12.410392206660926,59.425188520086756,36.44804013157108,
eval_agent,1317,21,48.72293195708007,2.3201396170038127,6.879500980211207,51.03497852231686,5.596056354117483,
eval_agent,1318,21,26.518321203550446,1.262777200169069,4.4220556039236945,41.485148879406786,5.443801531829389,
eval_agent,1319,21,-15.045739550096583,-0.7164637880998371,5.2204147052204295,42.761827649269705,16.66113812639704,
eval_agent,1320,21,26.961729578449535,1.2838918846880731,5.179370189171674,55.09981591758348,15.916190636613983,
eval_agent,1321,21,65.90954635591348,3.13854982647207,6.626843616002421,46.856047635865934,5.400731139190552,
eval_agent,1322,21,40.813358710281726,1.9434932719181774,6.242109934033875,57.53253774340044,20.93092271176003,
eval_agent,1323,21,64.9916070824096,3.094838432495695,15.617980306376085,57.95323165095532,22.495964162749654,
eval_agent,1324,21,140.2405417645558,6.6781210364074175,8.904463868924385,72.09424748999383,6.082931969392627,
eval_agent,1325,21,12.020682361816249,0.5724134458007737,6.538299329320264,47.55588551997959,15.253378741571915,
eval_agent,1326,21,113.57671151887811,5.408414834232291,10.599072817885078,47.72681954676982,42.23000780605053,
eval_agent,1327,21,29.81570894754574,1.4197956641688447,6.889155661507328,41.158221134263385,7.059308641946025,
eval_agent,1328,21,143.10489011054207,6.814518576692479,12.651079137006752,48.00098167393225,49.95549812920514,
eval_agent,1329,21,57.916522852887645,2.7579296596613165,6.5384053315202015,56.57727462534431,7.8370733486879285,
eval_agent,1330,21,20.76606226148005,0.9888601076895263,5.566204844999237,43.41381468386069,8.58738695484067,
eval_agent,1331,21,134.31255559124898,6.395835980535665,11.436372992967602,57.78478410553233,45.06436280867894,
eval_agent,1332,21,-4.136137014747526,-0.1969589054641679,2.859731930737548,40.80908844014479,10.667204455683311,
eval_agent,1333,21,75.69149515768784,3.604356912270849,10.769468805389659,50.31223762355163,24.42537138483077,
eval_agent,1334,21,74.09459271575184,3.5283139388453257,10.741244886103162,47.88768326624899,36.94618151419214,
eval_agent,1335,21,109.47540623158787,5.213114582456566,10.90458494792472,65.87349925410135,12.95146105324275,
eval_agent,1336,21,40.60698395168946,1.9336659024614027,6.797221785764517,55.54953327014097,19.499814038410822,
eval_agent,1337,21,109.2153460524504,5.2007307644024,13.08028704301489,50.01215186800472,22.394709964830838,
eval_agent,1338,21,39.74747393441448,1.8927368540197371,8.869198518788933,48.59733527628241,17.983989382648815,
eval_agent,1339,21,85.98352110953324,4.09445338616825,8.275314915023099,65.1532288050903,12.973520395163156,
eval_agent,1340,21,138.11685827336046,6.576993251112404,11.891259211413441,56.675455846130475,44.25284117589691,
eval_agent,1341,21,64.53677894026657,3.0731799495365033,4.841399895828867,35.038767465879474,1.731918209663836,
eval_agent,1342,21,64.67517959095319,3.079770456712057,9.776288187105978,58.504279709909824,16.847277470191273,
eval_agent,1343,21,119.74598996975341,5.702189998559686,11.523017208118468,52.0199595081952,46.79484933529197,
eval_agent,1344,21,26.693761087233,1.2711314803444285,5.78784147111345,55.885033896776285,21.49246523529163,
eval_agent,1345,21,31.659849636075066,1.507611887432146,5.767478393706074,47.60574673998944,8.847668812065008,
eval_agent,1346,21,24.385877261127572,1.1612322505298844,4.347909162134202,57.52516666257565,20.907233562237224,
eval_agent,1347,21,28.638312862982236,1.3637291839515353,5.2163315419751095,32.561944055845444,4.248816254311406,
eval_agent,1348,21,13.0700052384867,0.6223812018327,6.890596419720796,47.36325599851597,22.718523706253535,
eval_agent,1349,21,95.35706765104963,4.540812745288077,9.152654867289387,57.82008938771275,31.392175432334813,
eval_agent,1350,21,115.12449176993032,5.482118655710967,10.541689373568902,46.72374120218175,46.56178174162103,
eval_agent,1351,21,83.03856833237262,3.9542175396367916,14.942775995335033,54.08360849689943,21.911551972249764,
eval_agent,1352,21,85.51543363244619,4.0721635063069614,9.199939876703258,58.8067213107107,20.88077310368543,
eval_agent,1353,21,137.14447467553063,6.530689270263363,11.705324814013155,54.368025208404056,49.13729141687571,
eval_agent,1354,21,3.630787158823367,0.1728946266106365,5.0849500675558215,46.45026906498305,18.27620377133193,
eval_agent,1355,21,160.32094159876473,7.6343305523221305,12.632773063292538,61.41941549607103,44.35456979903402,
eval_agent,1356,21,200.4170584798646,9.543669451422124,14.99471497503244,70.66939795955098,40.525658058490684,
eval_agent,1357,21,100.61595358410047,4.791235884957165,9.299495018592419,67.84988031216858,15.437618738289322,
eval_agent,1358,21,107.27516643298368,5.108341258713509,11.577475677468719,53.07455010574243,40.20654182223189,
eval_agent,1359,21,71.11977855271135,3.3866561215576834,12.515344300360011,45.95707799100056,9.194542732835291,
eval_agent,1360,21,18.481658920706202,0.8800789962241049,6.384784355840079,41.669996994948804,7.0610633062978065,
eval_agent,1361,21,196.1481462659473,9.340387917426062,16.87555426851825,74.77176653224268,31.71263906332554,
eval_agent,1362,21,58.78457640815014,2.7992655432452445,5.909040958968552,36.02397614161997,3.494910821750794,
eval_agent,1363,21,88.39046169769539,4.209069604652162,9.500988241915941,63.90795792331067,16.618128038531143,
eval_agent,1364,21,18.633394549887992,0.8873045023756188,4.351987396881508,51.44427508613229,8.642230814247043,
eval_agent,1365,21,81.59466637534194,3.885460303587711,9.47543423287796,59.82661955972006,30.87014755358372,
eval_agent,1366,21,56.99256682718306,2.713931753675384,8.441463265360436,58.49834119587597,17.95861906574442,
eval_agent,1367,21,99.82989851273359,4.753804691082552,9.285635078900052,59.24312788870293,26.08422157750313,
eval_agent,1368,21,81.0026111516204,3.85726719769621,13.198059187501002,47.67214135200087,26.491262437757957,
eval_agent,1369,21,98.44876631101393,4.688036491000663,10.671384001467066,57.194350151647996,37.37142462290078,
eval_agent,1370,21,23.15294014745952,1.1025209594028342,7.522612839626045,51.16181437503091,12.414046962767074,
eval_agent,1371,21,92.3034635805016,4.395403027642933,10.366092817463258,48.03684195451315,43.406820535416514,
eval_agent,1372,21,115.20271215917879,5.48584343615137,10.52670952191592,46.972353985302036,47.240586025232695,
eval_agent,1373,21,65.51987337705327,3.1199939703358703,6.242553287937686,56.90564076526303,7.3326551405663025,
eval_agent,1374,21,9.27433206535102,0.4416348602548105,5.8933259786478125,40.054375322948346,13.940298516048403,
eval_agent,1375,21,23.22930595522397,1.1061574264392366,4.329323286370187,52.261003972176574,20.091213899811518,
eval_agent,1376,21,84.71456972565913,4.034027129793293,9.705213329917314,51.4514335859276,37.05773094997221,
eval_agent,1377,21,38.210336423061136,1.8195398296695782,7.101496348074164,56.178440621503924,7.536895746412016,
eval_agent,1378,21,89.41554660515085,4.25788317167385,7.571952603189736,52.411765723894135,4.746709050040243,
eval_agent,1379,21,36.07226539853955,1.7177269237399786,4.3130558231765725,38.66112836129808,4.962546058351729,
eval_agent,1380,21,127.48812980584113,6.070863324087672,10.80588550027253,56.174299592456585,44.18741031194021,
eval_agent,1381,21,30.206624290434984,1.438410680496904,4.433087572563004,30.717454085577973,3.507921491170242,
eval_agent,1382,21,95.57839518962591,4.551352151886948,5.190218263703194,53.53627071040588,3.740560790346056,
eval_agent,1383,21,-13.08716069817288,-0.6231981284844229,3.109629621989539,33.085680291866325,7.538143495550895,
eval_agent,1384,21,89.23066109093574,4.249079099568369,9.529800931406083,55.77987673776314,31.64820972013399,
eval_agent,1385,21,29.15012731759539,1.388101300837876,6.81582267667734,45.21909300555019,7.816884067484466,
eval_agent,1386,21,99.57482724698434,4.741658440332587,8.825194868141086,50.9880070463122,40.1020421124629,
eval_agent,1387,21,53.83729981670468,2.563680943652604,5.150808697349054,35.19417283645084,2.543190760884707,
eval_agent,1388,21,50.33399044627762,2.396856687917982,6.545172592277186,48.215019301656554,23.66239130905643,
eval_agent,1389,21,21.716873725905497,1.034136844090738,4.905705086469158,43.525189998823215,32.24950741099231,
eval_agent,1390,21,147.9175670490379,7.043693669001804,15.211236403184811,59.21801226863529,40.274161421304,
eval_agent,1391,21,68.57012463853023,3.265244030406201,12.580315691973357,49.848961554964404,34.109346449239695,
eval_agent,1392,21,75.83763857573922,3.611316122654249,8.823129763391481,72.40587153214655,14.039558523755433,
eval_agent,1393,21,61.82682401167758,2.9441344767465516,7.831542263939547,48.95712094318555,35.99040294633329,
eval_agent,1394,21,19.027342712466538,0.9060639386888827,5.509103020704355,35.56293224030639,5.7982829396858735,
eval_agent,1395,21,110.41729753648231,5.257966549356301,12.236497021448555,54.87084555183092,41.82114151208255,
eval_agent,1396,21,41.32411136575691,1.9678148269408056,8.436859624468056,49.29027009611095,7.990703467682349,
eval_agent,1397,21,24.68331182682507,1.1753958012773844,4.847896028696437,41.09260685982597,6.212124004727764,
eval_agent,1398,21,108.63126224035067,5.172917249540507,8.98355845623276,61.5871336002424,19.23993397481671,
eval_agent,1399,21,38.98769593266967,1.8565569491747465,6.893936311317237,59.04242539018744,24.617531028618632,
eval_agent,1400,21,95.28367006101584,4.537317621953136,8.60877347586296,60.31523720445374,6.306352306564527,
eval_agent,1401,21,34.58447018853363,1.6468795327873156,7.290907211383994,54.58088331434968,22.107684690358443,
eval_agent,1402,21,47.596002016557016,2.2664762865027153,9.421485292832376,54.06270128587232,9.597817490535265,
eval_agent,1403,21,48.35163429540415,2.3024587759716266,5.501298431057151,54.23095398298701,30.294691232862082,
eval_agent,1404,21,54.86673460854428,2.6127016480259178,9.997205299262573,55.16777616909755,19.182959299691202,
eval_agent,1405,21,115.37608535256717,5.494099302503198,12.089829782048792,44.558368623858364,48.07918680180629,
eval_agent,1406,21,45.81925808424935,2.1818694325833023,5.492170180005544,47.455141058340715,5.250153220288627,
eval_agent,1407,21,106.63341840013838,5.0777818285780185,6.014125338160349,56.756585874776896,4.366764233905745,
eval_agent,1408,21,26.07793533859191,1.241806444694853,6.805944606449775,49.78628408948765,9.15065610458837,
eval_agent,1409,21,74.70193465462086,3.557234983553374,7.52535621359115,54.713101114534965,34.75419419177428,
eval_agent,1410,21,80.26777574659124,3.822275035551964,8.38606904701416,53.738400461799564,38.07300999715809,
eval_agent,1411,21,114.16899431497929,5.436618776903775,10.656052885432292,57.47932798473852,39.90646771734978,
eval_agent,1412,21,79.54694277912216,3.7879496561486747,7.383650880097868,58.06504029408382,30.466150888547716,
eval_agent,1413,21,76.88804562777862,3.6613355060846966,11.324609611238628,43.19072077790809,18.204439260278182,
eval_agent,1414,21,130.7874028756174,6.227971565505591,11.324776617262007,53.087037067942425,42.925862909475946,
eval_agent,1415,21,62.50905255896942,2.9766215504271156,5.9730663063911145,65.52502484316928,17.72559478751826,
eval_agent,1416,21,23.90253173195679,1.1382157967598472,3.750344577115855,29.90716323283853,4.090709119957484,
eval_agent,1417,21,94.06214620163982,4.4791498191257055,10.376589260846913,46.79676533083764,41.3022364304155,
eval_agent,1418,21,17.667629387680403,0.8413156851276382,5.035620003190479,48.493302452246404,10.616978615443516,
eval_agent,1419,21,60.36070082786388,2.874319087041137,4.945365717364602,41.36653421050159,3.4880317982044833,
eval_agent,1420,21,89.45848315695025,4.259927769378583,10.539073056112574,42.91850371144618,43.015855574088775,
eval_agent,1421,21,69.12053827510184,3.291454203576278,10.493291081660734,54.87971651604229,28.682945654126783,
eval_agent,1422,21,25.452267104925188,1.212012719282152,4.01399107393441,39.846515856294054,5.636140363260544,
eval_agent,1423,21,44.825634998259154,2.13455404753615,6.08218096998184,35.939709357235394,4.555773395968829,
eval_agent,1424,21,154.15034399688724,7.340492571280345,16.27829485093688,55.904826995088456,25.70946159177022,
eval_agent,1425,21,134.08074627830925,6.38479744182425,12.400984625414846,58.02472850311207,43.974234795542465,
eval_agent,1426,21,76.27887607082621,3.6323274319441055,11.073913852770044,50.08153544394088,19.708939319306968,
eval_agent,1427,21,115.51127567825621,5.500536937059819,10.92134023741939,48.050063203865875,48.512220910837456,
eval_agent,1428,21,10.131572570285885,0.48245583668028025,4.72780764021996,37.02098892291604,7.665777852741599,
eval_agent,1429,21,108.84784374352093,5.183230654453377,11.311434881135405,50.515727911046916,40.710304756960866,
eval_agent,1430,21,132.7188230552291,6.319943955010911,14.241302039525582,54.701316667642615,20.659146665759895,
eval_agent,1431,21,51.0417082611948,2.4305575362473713,6.529623889884367,51.65703523593125,7.880795926334392,
eval_agent,1432,21,75.23611304852278,3.582672049929656,5.020965922551,48.8714778056613,4.968613094710185,
eval_agent,1433,21,-12.600425780785715,-0.6000202752755103,4.161188428715488,41.530550384542614,9.249041481015288,
eval_agent,1434,21,160.10515395828895,7.6240549503947115,13.272297904760745,65.08398698802363,45.248755899012586,
eval_agent,1435,21,134.75633273520853,6.416968225486121,11.60621964259804,65.83095900221396,36.6735463552808,
eval_agent,1436,21,79.02052944800508,3.7628823546669086,10.759239954334902,48.23617158904041,37.305532682152325,
eval_agent,1437,21,14.660469041545756,0.6981175734069407,5.876818941091208,36.835213450109585,6.91904751777361,
eval_agent,1438,21,104.0258174817882,4.953610356275629,12.974173379818817,52.236699526083015,40.558363944995115,
eval_agent,1439,21,46.734388205215325,2.225447057391206,9.536824565868812,52.66113865035619,21.441997080720945,
eval_agent,1440,21,4.580422068479667,0.21811533659426988,7.204285894919745,38.48835283636941,11.903697325818504,
eval_agent,1441,21,15.623646837634423,0.7439831827444964,3.678510160924036,31.26822607822024,4.519260955791191,
eval_agent,1442,21,113.0265989523094,5.382218997729019,8.842805614937468,80.77459203037697,12.179254482603966,
eval_agent,1443,21,141.82964316316526,6.753792531579298,14.809552457660093,60.123303819975916,42.73090616900914,
eval_agent,1444,21,74.60946539979615,3.5528316857045783,10.787137915569067,54.05491116380738,34.79694375766827,
eval_agent,1445,21,83.4654490026827,3.974545190603938,12.35205902093286,52.839723450280026,7.650442737429139,
eval_agent,1446,21,87.98683390667364,4.189849233651126,8.786663247704963,50.06740196953844,39.771152287555736,
eval_agent,1447,21,130.0999176261452,6.195234172673582,10.862592644973237,57.86999086719887,42.99658494095545,
eval_agent,1448,21,52.14611690354949,2.483148423978547,6.941271138685571,50.91203771753239,8.000244439364177,
eval_agent,1449,21,19.247796666765765,0.9165617460364651,6.335417423602373,38.284367501177336,7.291276836022681,
eval_agent,1450,21,67.68920674701444,3.22329555938164,10.269421558447338,56.98909889192307,13.208465399597632,
eval_agent,1451,21,49.98995136794237,2.3804738746639225,5.073087415384444,43.609313602031555,5.470394989022397,
eval_agent,1452,21,132.14995092451366,6.292854805929222,10.118780492229925,71.52472967106077,9.739811102200994,
eval_agent,1453,21,82.74193840321506,3.9400923049150025,11.016896767910938,45.699476350132876,39.53214562653158,
eval_agent,1454,21,51.38001498332726,2.446667380158441,7.37616639278977,58.95897489441388,14.921795027119867,
eval_agent,1455,21,150.56088130185185,7.169565776278659,13.53530232227594,50.78960468675047,46.33666602271202,
eval_agent,1456,21,122.85777101430557,5.850370048300266,10.866175309879251,47.96760252492997,46.76956915681288,
eval_agent,1457,21,96.15421518767388,4.578772151793995,11.963051515005079,53.1807922713329,37.36394490916755,
eval_agent,1458,21,104.75042386809942,4.9881154222904485,10.37962293104583,48.57423457516335,39.62944359615125,
eval_agent,1459,21,111.07805657060257,5.289431265266789,8.236859991694176,64.77365023846338,22.63807084667732,
eval_agent,1460,21,4.2292563627559465,0.20139316013123554,3.6859038420535963,39.28888226587761,10.784146949007681,
eval_agent,1461,21,103.88874344526958,4.947083021203313,10.191915053647271,59.57143715384826,33.05247824771578,
eval_agent,1462,21,322.77278083713503,15.370132420815954,16.342947336154975,90.28502363654948,45.521738032134486,
eval_agent,1463,21,24.94604243151997,1.1879067824533318,6.07413084750773,44.58474814469189,5.830989420034339,
eval_agent,1464,21,121.88441673464963,5.804019844507126,19.06302130071496,54.419114435152636,18.627826334944096,
eval_agent,1465,21,29.83966022323371,1.4209362011063673,6.13384511629914,37.60519705648851,5.819302290582121,
eval_agent,1466,21,80.51134163420465,3.8338734111526027,8.266661142513907,53.560151097564436,37.63272245780329,
eval_agent,1467,21,127.84837761616392,6.088017981722091,10.439404066486347,54.90397650659347,45.39147155755462,
eval_agent,1468,21,59.0686281320719,2.8127918158129477,7.134498582801736,54.677718039219286,6.54217383461216,
eval_agent,1469,21,89.54944423657399,4.264259249360666,8.310161037712723,63.5602684517872,18.7517411762818,
eval_agent,1470,21,13.631775262951669,0.649132155378651,5.98216846859951,48.806381963871324,21.95254794910653,
eval_agent,1471,21,47.24853174907335,2.2499300832892075,5.367844893068214,59.915812941358546,9.181864161103126,
eval_agent,1472,21,43.28336705321006,2.0611127168195265,5.533499354858024,32.52947616929298,4.624744878396636,
eval_agent,1473,21,119.43020939330044,5.687152828252402,10.157444293275393,54.53497356767103,46.092694773388025,
eval_agent,1474,21,91.46076316505453,4.355274436431168,10.050937305577797,49.49767719009137,42.533451061567874,
eval_agent,1475,21,132.4883768703802,6.308970327160962,13.299691841287743,50.92871380194682,44.45909179153651,
eval_agent,1476,21,30.89204797440932,1.471049903543301,3.5502081534261354,35.51638930043876,5.1010006363814115,
eval_agent,1477,21,108.73265361769946,5.177745410366641,11.762379901475544,50.62139891729995,42.52302077415969,
eval_agent,1478,21,112.66605797442236,5.365050379734398,13.207161221983375,58.94160352761218,7.271874413636383,
eval_agent,1479,21,99.50164363170283,4.738173506271564,13.485064324807263,60.329730804719304,15.059747347939258,
eval_agent,1480,21,102.38276010804618,4.875369528954581,9.555000287567866,47.29794573837582,45.49987208912323,
eval_agent,1481,21,17.304117376559052,0.8240055893599548,5.581872855779023,41.048919870200805,8.821132613092145,
eval_agent,1482,21,-6.620061934619956,-0.3152410445057122,4.318480995907931,45.338330277851796,10.385013657916911,
eval_agent,1483,21,8.25227699405658,0.3929655711455514,5.949492076481456,32.270747406217744,9.228659855501496,
eval_agent,1484,21,121.64159431921206,5.792456872343432,12.65601349213801,67.54377857793826,7.780779003993459,
eval_agent,1485,21,50.61879948470884,2.4104190230813733,4.9308754865816775,49.76337142951409,27.399593289432357,
eval_agent,1486,21,44.39938484862229,2.114256421362966,4.295018297726712,38.78138528463853,4.244249572327521,
eval_agent,1487,21,99.5030844000907,4.738242114290033,10.386857040620173,61.32571568585619,17.29645676827511,
eval_agent,1488,21,93.25342314062357,4.440639197172551,7.593738819929158,57.594574415421704,5.330970265698168,
eval_agent,1489,21,127.8579103811767,6.088471922913176,14.402892316499184,58.753323389305464,37.465955774101374,
eval_agent,1490,21,91.83517401578175,4.373103524561036,11.309992789606953,53.95652150818987,35.04134889097266,
eval_agent,1491,21,41.56681059076474,1.979371932893559,5.7999955557601055,36.11682438730959,3.896924410597503,
eval_agent,1492,21,27.83687435442632,1.3255654454488723,5.480320189136149,33.56368752168526,3.905392279205774,
eval_agent,1493,21,23.910040279356135,1.1385733466360064,6.14391506516087,38.86249896434727,7.02762693101424,
eval_agent,1494,21,53.15941004638335,2.531400478399207,4.903159147593306,31.43368914500924,3.029942892423012,
eval_agent,1495,21,60.579563137702245,2.8847411017953446,7.025234007806655,61.845857419260255,19.77980477589244,
eval_agent,1496,21,56.09649094049139,2.671261473356733,5.383343894366976,51.88286552528202,6.366974930366861,
eval_agent,1497,21,36.56572063821069,1.7412247922957471,8.639486102909817,43.42514068715622,17.573959290255395,
eval_agent,1498,21,49.13368232787252,2.33969915847012,8.867828352776487,51.66527918879824,32.39647745662823,
eval_agent,1499,21,-32.617556816614545,-1.5532169912673592,2.9966615829358156,33.35472844922509,12.780779493300104,
